0 0.292332 0.183886 0.051083 0.033496
0 0.339791 0.180952 0.025196 0.025672
0 0.427806 0.182908 0.085944 0.033007
0 0.517202 0.180707 0.084563 0.028117
0 0.608496 0.185230 0.089050 0.035208
0 0.701860 0.179974 0.095608 0.034963
0 0.813346 0.181196 0.044525 0.032518
0 0.305448 0.255035 0.127018 0.123472
0 0.221230 0.285108 0.044870 0.013447
0 0.235554 0.308580 0.012771 0.011491
0 0.235554 0.329729 0.044525 0.023961
0 0.404853 0.290120 0.092502 0.028362
0 0.515476 0.295133 0.056261 0.032518
0 0.612983 0.291098 0.053844 0.028851
0 0.664583 0.291465 0.043145 0.030073
0 0.720844 0.288776 0.054880 0.037897
0 0.799367 0.293177 0.026232 0.023716
0 0.284911 0.399167 0.043145 0.028851
0 0.436607 0.401612 0.132540 0.038142
0 0.567077 0.401245 0.117353 0.035941
0 0.670106 0.401490 0.083183 0.033985
0 0.758121 0.404546 0.045216 0.027873
0 0.807996 0.367137 0.052464 0.101711
0 0.315285 0.480707 0.168091 0.131296
0 0.398122 0.512125 0.038312 0.024450
0 0.448343 0.511025 0.052464 0.030562
0 0.529282 0.519216 0.101821 0.038142
0 0.653884 0.515548 0.137027 0.038631
0 0.748111 0.515793 0.043145 0.029829
0 0.806616 0.516404 0.070412 0.027139
0 0.275937 0.622150 0.037622 0.030807
0 0.376895 0.627895 0.148417 0.029095
0 0.537911 0.628996 0.165330 0.036675
0 0.701688 0.628262 0.153940 0.033741
0 0.801093 0.626551 0.042109 0.030318
0 0.268861 0.700634 0.137372 0.158924
0 0.373444 0.770560 0.071102 0.012714
0 0.360673 0.652101 0.044870 0.014425
0 0.342725 0.732663 0.011045 0.061125
0 0.371890 0.741221 0.038312 0.027873
0 0.434364 0.739142 0.056951 0.036430
0 0.524450 0.748800 0.115628 0.040587
0 0.657680 0.742443 0.141169 0.042054
0 0.785561 0.749778 0.104928 0.037164
1 0.274384 0.115915 0.024161 0.026650
1 0.275074 0.154668 0.019329 0.019071
1 0.303549 0.113959 0.033480 0.032029
1 0.353942 0.130952 0.070757 0.046944
1 0.414000 0.131807 0.018293 0.035941
1 0.453348 0.140609 0.032790 0.033007
1 0.499253 0.151490 0.021055 0.018582
1 0.538946 0.144399 0.038312 0.032763
1 0.590375 0.146111 0.047286 0.022005
1 0.626961 0.150512 0.016222 0.018093
1 0.643702 0.143910 0.008974 0.042054
1 0.689780 0.103568 0.079041 0.036675
1 0.743624 0.120927 0.017603 0.030318
1 0.801956 0.126795 0.041764 0.034719
1 0.852867 0.144766 0.033825 0.014425
1 0.359292 0.271049 0.023471 0.017115
1 0.363262 0.231563 0.021745 0.016870
1 0.389666 0.266037 0.025542 0.011002
1 0.415898 0.240487 0.036587 0.036675
1 0.457835 0.238164 0.037622 0.031051
1 0.490107 0.225328 0.039348 0.021027
1 0.550682 0.217015 0.072138 0.040098
1 0.617470 0.238042 0.022780 0.033741
1 0.635073 0.234619 0.008974 0.035208
1 0.664583 0.209314 0.032790 0.024694
1 0.709972 0.221538 0.035896 0.032029
1 0.750528 0.216893 0.043145 0.037897
1 0.798159 0.238287 0.018293 0.033741
1 0.810585 0.234375 0.007939 0.037164
1 0.840441 0.264203 0.034516 0.015648
1 0.269379 0.332908 0.020364 0.019071
1 0.284393 0.333641 0.008284 0.027873
1 0.265927 0.374472 0.023126 0.019560
1 0.294403 0.352590 0.031754 0.049144
1 0.330989 0.342321 0.042109 0.033985
1 0.396914 0.351979 0.018638 0.032274
1 0.436780 0.358947 0.034171 0.028606
1 0.466463 0.370927 0.020364 0.014425
1 0.499253 0.362614 0.032790 0.029584
1 0.548783 0.365793 0.055915 0.021760
1 0.601592 0.373128 0.021400 0.013936
1 0.622474 0.364570 0.010010 0.039853
1 0.648361 0.327162 0.041764 0.029095
1 0.695993 0.326428 0.054190 0.040342
1 0.725676 0.341710 0.011390 0.023961
1 0.758984 0.348556 0.035206 0.031296
1 0.398985 0.449167 0.021400 0.021760
1 0.405371 0.475817 0.018293 0.030562
1 0.452139 0.471905 0.037277 0.026161
1 0.498736 0.456135 0.022090 0.028362
1 0.545332 0.449656 0.020019 0.032029
1 0.608323 0.456869 0.021055 0.030807
1 0.662858 0.441954 0.034171 0.034719
1 0.703586 0.440976 0.018984 0.036186
1 0.719981 0.453690 0.012426 0.059658
1 0.741553 0.441098 0.018984 0.031540
1 0.785216 0.440609 0.031754 0.027628
1 0.818006 0.440243 0.019329 0.031296
1 0.848380 0.435597 0.033825 0.019560
1 0.267308 0.566893 0.022435 0.030807
1 0.292677 0.562859 0.015877 0.033496
1 0.347039 0.571416 0.027267 0.015403
1 0.387423 0.571661 0.016913 0.033496
1 0.429877 0.563592 0.021055 0.032518
1 0.484066 0.572027 0.037622 0.030318
1 0.540154 0.583030 0.022780 0.014670
1 0.593309 0.582663 0.025542 0.013447
1 0.616607 0.573250 0.011390 0.057702
1 0.640250 0.559803 0.020019 0.035208
1 0.670796 0.558213 0.018293 0.034474
1 0.714631 0.567137 0.018984 0.034719
1 0.745868 0.566648 0.017258 0.014670
1 0.758984 0.557480 0.017258 0.013447
1 0.775206 0.559558 0.017258 0.037164
1 0.801438 0.566404 0.018638 0.036675
1 0.347557 0.682052 0.025542 0.034230
1 0.370855 0.701123 0.015532 0.030807
1 0.430740 0.701856 0.021400 0.030318
1 0.493903 0.694644 0.030374 0.015892
1 0.562417 0.696600 0.028648 0.012958
1 0.628687 0.687553 0.018984 0.034963
1 0.663375 0.696844 0.019329 0.033496
1 0.708418 0.697089 0.025887 0.015892
1 0.734133 0.688042 0.013806 0.056479
1 0.780211 0.699289 0.027958 0.014914
1 0.838715 0.674717 0.038658 0.020049
2 0.554133 0.125817 0.577447 0.066015
2 0.599521 0.239631 0.475626 0.060391
2 0.516339 0.345622 0.519116 0.068460
2 0.609876 0.456380 0.438349 0.067971
2 0.550682 0.574961 0.560190 0.064548
2 0.585197 0.688042 0.485636 0.066748