1 0.300500 0.095400 0.008000 0.010000
1 0.299000 0.109000 0.005000 0.006800
1 0.316250 0.108600 0.009500 0.012400
1 0.349250 0.107800 0.009500 0.012400
1 0.374250 0.106800 0.011500 0.012800
1 0.400000 0.102000 0.010000 0.013600
1 0.425750 0.093800 0.008500 0.013200
1 0.445500 0.096200 0.008000 0.012400
1 0.478750 0.099800 0.008500 0.013200
1 0.510500 0.103000 0.008000 0.013200
1 0.535000 0.098400 0.008000 0.013600
1 0.564500 0.101000 0.013000 0.011600
1 0.577750 0.102600 0.008500 0.015600
1 0.596250 0.103000 0.013500 0.014000
1 0.624250 0.110600 0.008500 0.014000
1 0.651000 0.110400 0.008000 0.013600
1 0.671500 0.106200 0.010000 0.014800
1 0.691750 0.109800 0.008500 0.014000
1 0.301500 0.146600 0.010000 0.010000
1 0.301250 0.162200 0.005500 0.006800
1 0.318000 0.164600 0.014000 0.015600
1 0.350000 0.164000 0.008000 0.014400
1 0.389000 0.162400 0.016000 0.012800
1 0.413000 0.158000 0.009000 0.014400
1 0.437500 0.156200 0.015000 0.012400
1 0.459500 0.166400 0.009000 0.013600
1 0.490750 0.165400 0.008500 0.013200
1 0.513500 0.144000 0.008000 0.012800
1 0.528750 0.144000 0.008500 0.014400
1 0.544500 0.142800 0.012000 0.012000
1 0.556750 0.147400 0.019500 0.012400
1 0.573750 0.150000 0.007500 0.013600
1 0.587250 0.150400 0.018500 0.012800
1 0.297750 0.206200 0.008500 0.009200
1 0.294250 0.222400 0.005500 0.008000
1 0.308750 0.200400 0.008500 0.012000
1 0.321250 0.203000 0.007500 0.013200
1 0.343500 0.199600 0.008000 0.014400
1 0.385000 0.198600 0.016000 0.010800
1 0.421000 0.211400 0.009000 0.014000
1 0.455750 0.207000 0.007500 0.014000
1 0.480750 0.202200 0.009500 0.014000
1 0.502500 0.210600 0.010000 0.013200
1 0.527250 0.198000 0.016500 0.012800
1 0.558750 0.206800 0.011500 0.014400
1 0.586000 0.214800 0.009000 0.013600
1 0.610750 0.214800 0.018500 0.013600
1 0.636000 0.215000 0.008000 0.012400
1 0.662000 0.201600 0.009000 0.012800
1 0.689750 0.201800 0.008500 0.013200
1 0.295000 0.260000 0.009000 0.010400
1 0.292250 0.275600 0.006500 0.008000
1 0.311500 0.267200 0.008000 0.013600
1 0.335000 0.275200 0.009000 0.013600
1 0.369500 0.274600 0.009000 0.014000
1 0.399750 0.269600 0.008500 0.014400
1 0.417000 0.261000 0.010000 0.012400
1 0.437500 0.257600 0.008000 0.012800
1 0.471000 0.263000 0.009000 0.015600
1 0.497500 0.261400 0.010000 0.014800
1 0.524500 0.261200 0.009000 0.013600
1 0.550000 0.253600 0.017000 0.013600
1 0.587750 0.266400 0.012500 0.015200
1 0.612500 0.262000 0.013000 0.014400
1 0.637000 0.269400 0.008000 0.013200
1 0.658250 0.269200 0.008500 0.012800
1 0.684000 0.253000 0.008000 0.014000
1 0.294250 0.310600 0.008500 0.007600
1 0.342750 0.326600 0.007500 0.014800
1 0.365000 0.322000 0.008000 0.013600
1 0.391250 0.314200 0.009500 0.017200
1 0.418000 0.321800 0.009000 0.014000
1 0.453250 0.326400 0.009500 0.013600
1 0.470500 0.321600 0.009000 0.014400
1 0.491500 0.312600 0.009000 0.013200
1 0.514750 0.316800 0.009500 0.014400
1 0.549250 0.312400 0.008500 0.012800
1 0.572250 0.316600 0.008500 0.013200
1 0.599000 0.321000 0.008000 0.014800
1 0.641750 0.318200 0.009500 0.014000
1 0.680750 0.321600 0.010500 0.014400
1 0.291250 0.366600 0.005500 0.006800
1 0.305750 0.370200 0.010500 0.016400
1 0.327250 0.363400 0.009500 0.013200
1 0.349750 0.365400 0.009500 0.014000
1 0.373250 0.369600 0.008500 0.012800
1 0.392500 0.369200 0.008000 0.012000
1 0.420750 0.368800 0.008500 0.012800
1 0.452500 0.368600 0.009000 0.013200
1 0.476000 0.368200 0.010000 0.012400
1 0.493000 0.376000 0.009000 0.012800
1 0.512000 0.372000 0.011000 0.012800
1 0.531500 0.374400 0.015000 0.010400
1 0.555250 0.372800 0.008500 0.013600
1 0.579000 0.368200 0.011000 0.014800
1 0.607500 0.376200 0.008000 0.014000
1 0.627750 0.375600 0.008500 0.013600
1 0.653500 0.368400 0.008000 0.015200
1 0.666000 0.369000 0.009000 0.014800
1 0.679750 0.368200 0.008500 0.014000
1 0.289250 0.423400 0.006500 0.006800
1 0.345500 0.428000 0.012000 0.016000
1 0.363000 0.434000 0.011000 0.014400
1 0.395500 0.425800 0.010000 0.014000
1 0.418500 0.425800 0.009000 0.012400
1 0.445500 0.430200 0.009000 0.014800
1 0.467750 0.435000 0.010500 0.016400
1 0.492000 0.434400 0.009000 0.013600
1 0.508000 0.425000 0.008000 0.014800
1 0.538500 0.424800 0.008000 0.015200
1 0.552750 0.427000 0.013500 0.010800
1 0.570500 0.438200 0.008000 0.013200
1 0.588000 0.432200 0.009000 0.012400
1 0.609750 0.423800 0.008500 0.014000
1 0.631000 0.432000 0.012000 0.012000
1 0.649500 0.423400 0.009000 0.013200
1 0.668250 0.428000 0.008500 0.012800
1 0.290750 0.481000 0.009500 0.008400
1 0.449750 0.483200 0.016500 0.025600
1 0.463500 0.473400 0.007000 0.013200
1 0.479500 0.476000 0.008000 0.012800
1 0.496750 0.476000 0.008500 0.012800
1 0.526250 0.470000 0.017500 0.017600
1 0.553500 0.475600 0.008000 0.012000
1 0.577000 0.475400 0.009000 0.013200
1 0.613250 0.476200 0.008500 0.013200
1 0.654500 0.474600 0.040000 0.018000
1 0.288750 0.539600 0.010500 0.008000
1 0.305750 0.541800 0.010500 0.012400
1 0.335750 0.547800 0.011500 0.014800
1 0.369250 0.551600 0.008500 0.012800
1 0.390750 0.551800 0.009500 0.013200
1 0.422250 0.550000 0.008500 0.012000
1 0.441500 0.541200 0.009000 0.012000
1 0.456500 0.539000 0.009000 0.014000
1 0.476750 0.545600 0.009500 0.013600
1 0.501500 0.538600 0.013000 0.010800
1 0.529750 0.548400 0.010500 0.013600
1 0.552500 0.546800 0.008000 0.013600
1 0.582000 0.546000 0.008000 0.012800
1 0.603500 0.538200 0.009000 0.013200
1 0.629750 0.534200 0.008500 0.013200
1 0.650500 0.533200 0.009000 0.012800
1 0.664500 0.533000 0.009000 0.011600
1 0.685000 0.530400 0.012000 0.014400
1 0.287500 0.556200 0.007000 0.006800
1 0.283000 0.610800 0.008000 0.006400
1 0.288500 0.595600 0.009000 0.008800
1 0.305000 0.595000 0.008000 0.013200
1 0.346000 0.594800 0.017000 0.012800
1 0.372000 0.597200 0.011000 0.012000
1 0.401250 0.598400 0.007500 0.012000
1 0.430250 0.597200 0.011500 0.013600
1 0.456000 0.596400 0.010000 0.012000
1 0.473750 0.602800 0.010500 0.012800
1 0.488000 0.598600 0.009000 0.013200
1 0.502750 0.595800 0.009500 0.012400
1 0.521750 0.602800 0.007500 0.013600
1 0.536250 0.608000 0.008500 0.012800
1 0.572000 0.606800 0.007000 0.012800
1 0.594000 0.601200 0.009000 0.013600
1 0.617750 0.593000 0.008500 0.013200
1 0.635500 0.589400 0.010000 0.012400
1 0.655000 0.592800 0.012000 0.012800
1 0.682250 0.583400 0.008500 0.012400
1 0.287250 0.650600 0.008500 0.009200
1 0.286500 0.666800 0.007000 0.008000
1 0.395000 0.648400 0.010000 0.012800
1 0.421750 0.655600 0.008500 0.015200
1 0.455750 0.642000 0.016500 0.013600
1 0.481750 0.645800 0.010500 0.013200
1 0.507250 0.645600 0.010500 0.013600
1 0.535250 0.645200 0.009500 0.012800
1 0.558500 0.645400 0.009000 0.014000
1 0.578500 0.644600 0.008000 0.014000
1 0.593750 0.653000 0.007500 0.014000
1 0.609000 0.645000 0.017000 0.013200
1 0.648750 0.656000 0.008500 0.012000
1 0.666500 0.661600 0.009000 0.012800
1 0.684500 0.661400 0.009000 0.013200
1 0.284500 0.700800 0.009000 0.008000
1 0.284500 0.719200 0.006000 0.006400
1 0.300000 0.712200 0.010000 0.012400
1 0.324500 0.717200 0.009000 0.012000
1 0.341250 0.718200 0.009500 0.011600
1 0.573750 0.701000 0.008500 0.011600
1 0.590000 0.700800 0.010000 0.012800
1 0.603750 0.700000 0.009500 0.012000
1 0.624250 0.700200 0.010500 0.013200
1 0.647750 0.700600 0.010500 0.013200
1 0.670250 0.699400 0.009500 0.013200
1 0.688750 0.699400 0.008500 0.012400
1 0.283500 0.760600 0.009000 0.009200
1 0.279250 0.778200 0.005500 0.006800
1 0.309500 0.764000 0.009000 0.012000
1 0.324000 0.771200 0.010000 0.011200
1 0.351250 0.762800 0.032500 0.023200
1 0.386000 0.762000 0.019000 0.016800
1 0.407000 0.765200 0.014000 0.020000
1 0.422250 0.773000 0.013500 0.013200
1 0.452250 0.777000 0.008500 0.011600
1 0.469250 0.760200 0.010500 0.014000
1 0.482000 0.768000 0.017000 0.018400
1 0.503250 0.765200 0.009500 0.013600
1 0.521000 0.765200 0.011000 0.012800
1 0.534000 0.769400 0.008000 0.014000
1 0.557000 0.763400 0.017000 0.022000
1 0.577250 0.754800 0.021500 0.011200
1 0.602750 0.754200 0.014500 0.011600
1 0.634000 0.764800 0.010000 0.013600
1 0.654000 0.764800 0.010000 0.013600
1 0.687250 0.766000 0.028500 0.016000
1 0.726000 0.775800 0.013000 0.012400
1 0.747000 0.775200 0.008000 0.014400
1 0.770750 0.766000 0.010500 0.014400
1 0.808000 0.762400 0.023000 0.014400
1 0.837250 0.764400 0.013500 0.010400
1 0.874750 0.766600 0.022500 0.011600
1 0.714500 0.699800 0.010000 0.013200
1 0.735250 0.699600 0.009500 0.013600
1 0.754500 0.700000 0.011000 0.012800
1 0.773000 0.699600 0.011000 0.014400
1 0.789000 0.700800 0.011000 0.012800
1 0.801500 0.700200 0.009000 0.013200
1 0.815000 0.699600 0.009000 0.012800
1 0.825000 0.699400 0.009000 0.013200
1 0.843500 0.703000 0.024000 0.022000
1 0.864250 0.702000 0.017500 0.019200
1 0.709000 0.663800 0.009000 0.013200
1 0.731750 0.655000 0.009500 0.013200
1 0.751250 0.646200 0.010500 0.014000
1 0.772250 0.649600 0.016500 0.011200
1 0.805000 0.658800 0.011000 0.007200
1 0.830000 0.655400 0.010000 0.014000
1 0.863750 0.650800 0.009500 0.013600
1 0.710500 0.588200 0.010000 0.015600
1 0.733250 0.592800 0.009500 0.016800
1 0.772250 0.585000 0.016500 0.010800
1 0.785250 0.596600 0.008500 0.005200
1 0.810750 0.597000 0.014500 0.006800
1 0.709250 0.536200 0.009500 0.014800
1 0.730000 0.533000 0.010000 0.014800
1 0.752250 0.536000 0.010500 0.012000
1 0.775500 0.534800 0.010000 0.012000
1 0.793250 0.530400 0.008500 0.012800
1 0.812750 0.526800 0.009500 0.012800
1 0.828500 0.531800 0.012000 0.014800
1 0.861500 0.526600 0.016000 0.013200
1 0.706500 0.483600 0.008000 0.013600
1 0.757500 0.480000 0.008000 0.013600
1 0.788000 0.475800 0.008000 0.014000
1 0.805250 0.478000 0.008500 0.012800
1 0.824000 0.484200 0.009000 0.014800
1 0.839500 0.481000 0.009000 0.014000
1 0.863750 0.477600 0.008500 0.015200
1 0.700500 0.438200 0.008000 0.014000
1 0.719750 0.434600 0.016500 0.013200
1 0.745000 0.432400 0.009000 0.012800
1 0.770250 0.423400 0.008500 0.016400
1 0.779750 0.423000 0.007500 0.013200
1 0.793500 0.423200 0.008000 0.013600
1 0.808000 0.427800 0.007000 0.014000
1 0.821500 0.434800 0.013000 0.008000
1 0.837750 0.431600 0.011500 0.012800
1 0.696000 0.373000 0.008000 0.013200
1 0.708500 0.379400 0.008000 0.006800
1 0.725000 0.376400 0.009000 0.013600
1 0.724500 0.321800 0.009000 0.013200
1 0.747750 0.328000 0.009500 0.015200
1 0.783250 0.313400 0.008500 0.014000
1 0.807250 0.304600 0.008500 0.014000
1 0.832250 0.309200 0.009500 0.012800
1 0.862750 0.309200 0.009500 0.012800
1 0.699500 0.252200 0.008000 0.014000
1 0.715000 0.256400 0.009000 0.013600
1 0.730500 0.260400 0.009000 0.014400
1 0.743000 0.252600 0.016000 0.012400
1 0.762250 0.256800 0.008500 0.012800
1 0.705750 0.202000 0.009500 0.013600
1 0.726500 0.198200 0.009000 0.014000
1 0.765750 0.202200 0.008500 0.013200
1 0.788250 0.206000 0.010500 0.014400
1 0.823500 0.210000 0.009000 0.013600
1 0.867250 0.213600 0.008500 0.013600
1 0.754750 0.148000 0.008500 0.010400
1 0.756000 0.166400 0.007000 0.004800
1 0.826750 0.157400 0.016500 0.011600
1 0.839750 0.146600 0.017500 0.025200
1 0.852250 0.138600 0.008500 0.012400
1 0.861750 0.141200 0.007500 0.013600
1 0.718750 0.105400 0.010500 0.011600
1 0.736250 0.100600 0.012500 0.012400
1 0.764750 0.100600 0.011500 0.010800
1 0.790250 0.100600 0.010500 0.013200
1 0.819250 0.101600 0.013500 0.015200
1 0.841250 0.096600 0.018500 0.014000
1 0.856500 0.102800 0.014000 0.010400
1 0.869500 0.111000 0.007000 0.012400
0 0.316500 0.129400 0.033000 0.013200
0 0.375250 0.126800 0.079500 0.014400
0 0.439500 0.125000 0.035000 0.014800
0 0.506500 0.126200 0.085000 0.020400
0 0.564750 0.123000 0.031500 0.013200
0 0.593000 0.124000 0.021000 0.012800
0 0.632000 0.120600 0.052000 0.020400
0 0.669750 0.123600 0.019500 0.013600
0 0.332250 0.181600 0.061500 0.020000
0 0.438250 0.180200 0.143500 0.021200
0 0.556750 0.176600 0.085500 0.013200
0 0.611750 0.179200 0.011500 0.024800
0 0.628250 0.171200 0.017500 0.038400
0 0.665250 0.178000 0.053500 0.022400
0 0.313750 0.233000 0.031500 0.018000
0 0.364000 0.232000 0.068000 0.019200
0 0.420500 0.236000 0.032000 0.020800
0 0.478000 0.230800 0.071000 0.018400
0 0.531750 0.232000 0.025500 0.016800
0 0.558750 0.233000 0.022500 0.014000
0 0.606000 0.232200 0.074000 0.014800
0 0.319750 0.286800 0.046500 0.012800
0 0.402250 0.284200 0.103500 0.018000
0 0.470000 0.283800 0.024000 0.015600
0 0.494500 0.284200 0.021000 0.016400
0 0.538750 0.285600 0.061500 0.015200
0 0.597500 0.282600 0.052000 0.019600
0 0.651250 0.284800 0.044500 0.014400
0 0.310250 0.339800 0.020500 0.018800
0 0.330750 0.327000 0.019500 0.065200
0 0.388000 0.343800 0.095000 0.014800
0 0.485250 0.344200 0.093500 0.020400
0 0.575250 0.340000 0.081500 0.016000
0 0.661750 0.338000 0.079500 0.020000
0 0.328500 0.398000 0.068000 0.016000
0 0.386500 0.398400 0.037000 0.013600
0 0.421750 0.397600 0.020500 0.013600
0 0.478750 0.396600 0.087500 0.014800
0 0.544750 0.397800 0.039500 0.012400
0 0.579750 0.396400 0.022500 0.013600
0 0.616750 0.398800 0.049500 0.019200
0 0.296750 0.445000 0.017500 0.016400
0 0.317000 0.431800 0.035000 0.044400
0 0.357250 0.451400 0.039500 0.013200
0 0.407500 0.448600 0.049000 0.016400
0 0.477250 0.450200 0.088500 0.015600
0 0.541250 0.448800 0.031500 0.012800
0 0.596250 0.447800 0.077500 0.016400
0 0.658500 0.449000 0.040000 0.012400
0 0.304500 0.497200 0.027000 0.035200
0 0.338750 0.507400 0.038500 0.017200
0 0.372250 0.509000 0.023500 0.013200
0 0.406250 0.503200 0.019500 0.020000
0 0.427000 0.488000 0.040000 0.052000
0 0.480000 0.506600 0.062000 0.014800
0 0.553250 0.504800 0.079500 0.017600
0 0.629000 0.504200 0.058000 0.015600
0 0.319500 0.566000 0.059000 0.015200
0 0.378750 0.565600 0.052500 0.013600
0 0.463500 0.562800 0.100000 0.019200
0 0.538750 0.563000 0.044500 0.014000
0 0.587750 0.564600 0.044500 0.018800
0 0.642750 0.562400 0.055500 0.021600
0 0.686500 0.561000 0.020000 0.014800
0 0.309000 0.617800 0.041000 0.018000
0 0.362500 0.619200 0.052000 0.013600
0 0.403000 0.619600 0.017000 0.013600
0 0.461250 0.617800 0.092500 0.016400
0 0.530250 0.617400 0.036500 0.014000
0 0.580750 0.617800 0.052500 0.020400
0 0.636250 0.618400 0.053500 0.019200
0 0.297750 0.668000 0.017500 0.043200
0 0.328250 0.675600 0.053500 0.020800
0 0.368250 0.671400 0.016500 0.017200
0 0.382250 0.655600 0.018500 0.067200
0 0.414250 0.672200 0.044500 0.018000
0 0.482000 0.671800 0.080000 0.017200
0 0.537750 0.672200 0.018500 0.013200
0 0.585750 0.670400 0.072500 0.016800
0 0.663250 0.671600 0.065500 0.020000
0 0.300500 0.728800 0.027000 0.014400
0 0.337750 0.729000 0.038500 0.013200
0 0.375000 0.729400 0.014000 0.026800
0 0.392750 0.719200 0.021500 0.049600
0 0.408000 0.729200 0.014000 0.014400
0 0.436500 0.726600 0.036000 0.017200
0 0.469750 0.731400 0.021500 0.018000
0 0.508000 0.721400 0.018000 0.026800
0 0.557000 0.711400 0.033000 0.046000
0 0.588000 0.726400 0.040000 0.017600
0 0.622000 0.728400 0.019000 0.013600
0 0.669500 0.726600 0.072000 0.019600
0 0.255750 0.821400 0.098500 0.229200
0 0.318000 0.785400 0.025000 0.018800
0 0.370000 0.786400 0.073000 0.018400
0 0.453500 0.789800 0.033000 0.023600
0 0.507500 0.788400 0.067000 0.022400
0 0.558500 0.787400 0.030000 0.019600
0 0.609750 0.787400 0.009500 0.015600
0 0.659500 0.788800 0.076000 0.016800
0 0.734000 0.792800 0.042000 0.031200
0 0.770750 0.788600 0.023500 0.016400
0 0.820000 0.788600 0.071000 0.016400
0 0.874500 0.788200 0.019000 0.014000
0 0.744500 0.728000 0.076000 0.016800
0 0.797000 0.728000 0.023000 0.016800
0 0.827500 0.726600 0.040000 0.019600
0 0.864750 0.725200 0.029500 0.024000
0 0.743000 0.674400 0.087000 0.019200
0 0.818250 0.670600 0.049500 0.018000
0 0.864000 0.672400 0.033000 0.016000
0 0.710500 0.616200 0.086000 0.016400
0 0.798000 0.616200 0.080000 0.015600
0 0.731000 0.558600 0.066000 0.018000
0 0.802250 0.558800 0.074500 0.016800
0 0.865250 0.558800 0.042500 0.019200
0 0.711000 0.507400 0.054000 0.018000
0 0.796250 0.502600 0.099500 0.018000
0 0.861500 0.503000 0.024000 0.015600
0 0.719250 0.448000 0.076500 0.014400
0 0.804500 0.448000 0.085000 0.013600
0 0.692500 0.395600 0.089000 0.013600
0 0.751250 0.395200 0.017500 0.027200
0 0.781000 0.381800 0.028000 0.037200
0 0.809000 0.394800 0.028000 0.013600
0 0.854250 0.394200 0.054500 0.016400
0 0.733500 0.340000 0.052000 0.018400
0 0.805750 0.339800 0.078500 0.016400
0 0.862000 0.343200 0.023000 0.016800
0 0.723500 0.283800 0.092000 0.013200
0 0.796000 0.285200 0.018000 0.026400
0 0.836250 0.276600 0.043500 0.027600
0 0.874250 0.281800 0.030500 0.020400
0 0.696500 0.232600 0.099000 0.022800
0 0.797250 0.234600 0.095500 0.020400
0 0.864500 0.230600 0.027000 0.017200
0 0.705000 0.179000 0.022000 0.025200
0 0.741750 0.182800 0.045500 0.020000
0 0.781500 0.177200 0.020000 0.022400
0 0.809000 0.156400 0.030000 0.053600
0 0.849250 0.177200 0.044500 0.015200
0 0.709750 0.123000 0.059500 0.014800
0 0.785750 0.124600 0.081500 0.021200
0 0.853500 0.120400 0.050000 0.017600
2 0.595750 0.100800 0.611500 0.036000
2 0.596500 0.158800 0.621000 0.033600
2 0.586750 0.207800 0.630500 0.030800
2 0.593500 0.257800 0.644000 0.041200
2 0.591750 0.314400 0.639500 0.030400
2 0.594000 0.361200 0.637000 0.032000
2 0.591750 0.424600 0.631500 0.034000
2 0.586750 0.477200 0.627500 0.032000
2 0.594500 0.541000 0.642000 0.040400
2 0.595750 0.595200 0.642500 0.040000
2 0.595250 0.651600 0.631500 0.037600
2 0.594750 0.704000 0.641500 0.038400
2 0.592500 0.764000 0.645000 0.036800