0 0.139432 0.215570 0.094260 0.024340
0 0.244700 0.216487 0.108447 0.022994
0 0.338796 0.212512 0.078767 0.023606
0 0.446755 0.215020 0.120515 0.022016
0 0.557404 0.215386 0.099152 0.024706
0 0.629159 0.215020 0.041748 0.026663
1 0.094993 0.162855 0.012557 0.033635
1 0.113014 0.172517 0.019243 0.030944
1 0.143836 0.189396 0.019569 0.032657
1 0.174494 0.190680 0.015982 0.033268
1 0.204990 0.189885 0.016308 0.030944
1 0.236954 0.172823 0.018265 0.034980
1 0.267368 0.187683 0.017776 0.031923
1 0.311481 0.170499 0.028376 0.040362
1 0.333496 0.174046 0.020874 0.042074
1 0.354044 0.195695 0.019569 0.016634
1 0.398076 0.172028 0.016960 0.036081
1 0.431670 0.176370 0.019896 0.042564
1 0.475946 0.185237 0.031148 0.045621
1 0.530740 0.170988 0.020059 0.034002
1 0.566944 0.195572 0.017776 0.015656
1 0.594504 0.171661 0.017776 0.035347
1 0.631442 0.176370 0.019569 0.042564
1 0.659247 0.168236 0.016471 0.034369
2 0.382583 0.169398 0.579909 0.056018
0 0.145629 0.305223 0.105349 0.022627
0 0.232306 0.304856 0.065395 0.027275
0 0.286367 0.303571 0.031963 0.022016
0 0.337492 0.304856 0.031148 0.020670
0 0.379648 0.304856 0.031963 0.033390
0 0.444309 0.300391 0.122146 0.027642
0 0.511008 0.259662 0.036040 0.049658
0 0.559932 0.261375 0.061807 0.041585
0 0.621005 0.259051 0.052511 0.034247
0 0.575669 0.300208 0.114808 0.036570
0 0.108774 0.360873 0.065232 0.090631
0 0.155251 0.391389 0.101435 0.028376
0 0.424821 0.392368 0.426288 0.031067
0 0.366765 0.477373 0.534247 0.027642
1 0.093689 0.234344 0.009295 0.032290
1 0.110731 0.255320 0.019569 0.040974
1 0.138780 0.247065 0.022179 0.039628
1 0.168542 0.262414 0.020385 0.039017
1 0.210372 0.250183 0.031963 0.041952
1 0.237198 0.267062 0.019080 0.031678
1 0.254322 0.259357 0.026582 0.043664
1 0.281230 0.265533 0.026256 0.051370
1 0.308790 0.267674 0.027234 0.038283
1 0.339041 0.271037 0.027071 0.045010
2 0.304550 0.258195 0.432975 0.052593
2 0.386823 0.348704 0.530659 0.051614
1 0.124103 0.340203 0.012394 0.029966
1 0.143428 0.352862 0.018102 0.037427
1 0.177919 0.352862 0.016960 0.035959
1 0.228555 0.352373 0.020385 0.034980
1 0.263862 0.351517 0.019896 0.034002
1 0.294765 0.353229 0.021363 0.036693
1 0.325179 0.353351 0.021853 0.036937
1 0.361464 0.350355 0.017776 0.033635
1 0.390982 0.350538 0.018102 0.031311
1 0.420091 0.354024 0.019569 0.039750
1 0.458333 0.337696 0.040933 0.028376
1 0.503669 0.353535 0.034736 0.052715
1 0.552756 0.352006 0.028865 0.046967
1 0.588796 0.363686 0.018102 0.031678
1 0.621005 0.357693 0.020548 0.036326
1 0.649462 0.336840 0.015166 0.022016
1 0.095401 0.426003 0.011089 0.032290
1 0.120108 0.440068 0.034736 0.049658
1 0.148810 0.451504 0.020059 0.016023
1 0.186562 0.460372 0.023483 0.033023
1 0.215672 0.457681 0.018754 0.028376
1 0.255382 0.450526 0.020874 0.039261
1 0.305039 0.461167 0.020385 0.016023
1 0.341080 0.451871 0.017776 0.029966
1 0.373614 0.436338 0.024462 0.037060
1 0.421233 0.430345 0.016308 0.028987
1 0.469178 0.450037 0.017286 0.027764
1 0.501875 0.451688 0.016797 0.015656
1 0.526582 0.452177 0.015656 0.032045
1 0.555936 0.437378 0.017286 0.038405
1 0.584067 0.449670 0.017776 0.031678
1 0.622717 0.457192 0.017776 0.017368
1 0.642286 0.438662 0.015166 0.024340
2 0.372554 0.433708 0.551044 0.055039
2 0.370841 0.520364 0.560013 0.054428
0 0.266797 0.565741 0.345727 0.033635
0 0.579909 0.561522 0.138291 0.027397
0 0.364563 0.652520 0.535062 0.028620
2 0.373614 0.609528 0.574690 0.055895
2 0.375897 0.695695 0.550554 0.055773
0 0.371820 0.740705 0.555121 0.033757
1 0.099886 0.511864 0.011252 0.030577
1 0.116765 0.537365 0.018265 0.034369
1 0.144325 0.543175 0.019896 0.031311
1 0.228718 0.522872 0.016471 0.034002
1 0.246738 0.524706 0.016960 0.034980
1 0.264759 0.514555 0.015492 0.015411
1 0.281719 0.515717 0.020059 0.017001
1 0.306344 0.509357 0.021363 0.028253
1 0.337655 0.524034 0.022668 0.039750
1 0.529191 0.521037 0.018265 0.033757
1 0.569879 0.520364 0.017776 0.033635
1 0.609671 0.520548 0.014514 0.033268
1 0.644814 0.507400 0.011089 0.022383
1 0.096380 0.602984 0.012068 0.034980
1 0.119374 0.616010 0.020874 0.043664
1 0.166993 0.598520 0.039465 0.027275
1 0.205153 0.615032 0.030659 0.051737
1 0.264759 0.614543 0.017449 0.039995
1 0.325016 0.615215 0.016960 0.036693
1 0.350783 0.612586 0.018591 0.032657
1 0.372717 0.615032 0.019080 0.035103
1 0.401663 0.620536 0.018265 0.035347
1 0.445695 0.623716 0.021853 0.026296
1 0.492498 0.618212 0.015982 0.035347
1 0.529028 0.611668 0.025766 0.040362
1 0.575587 0.628914 0.017776 0.022016
1 0.620515 0.625367 0.018591 0.016879
1 0.652071 0.620841 0.015166 0.026663
1 0.101272 0.687867 0.017286 0.033268
1 0.139677 0.711534 0.021363 0.017246
1 0.186155 0.715876 0.020059 0.025930
1 0.242335 0.721869 0.019569 0.015900
1 0.286937 0.713246 0.019080 0.037304
1 0.323712 0.698875 0.022179 0.037916
1 0.349152 0.716487 0.020874 0.029354
1 0.395711 0.714041 0.020385 0.030333
1 0.436155 0.699364 0.020385 0.035714
1 0.475212 0.706886 0.020548 0.036081
1 0.512720 0.698386 0.018265 0.034980
1 0.554795 0.705908 0.020548 0.016023
1 0.584801 0.699547 0.020874 0.036081
1 0.627038 0.711167 0.017286 0.029966
1 0.654354 0.699853 0.015166 0.025930