0 0.442312 0.334544 0.0544508 0.0192368 0.860949
0 0.355443 0.16232 0.0501201 0.0225417 0.85797
0 0.433513 0.747836 0.0525968 0.0305866 0.83224
0 0.141053 0.74705 0.0444646 0.0219466 0.828061
0 0.16928 0.420743 0.0434425 0.0192318 0.822383
0 0.13087 0.635204 0.0283608 0.0226936 0.817333
0 0.446079 0.458933 0.064388 0.0224102 0.814819
0 0.518785 0.333428 0.0590005 0.0204051 0.8133
0 0.427804 0.500375 0.0331272 0.0181095 0.797966
0 0.648568 0.308815 0.0363341 0.0209329 0.795229
0 0.648808 0.583996 0.0539356 0.0210774 0.792792
0 0.436584 0.58677 0.0439724 0.0211529 0.792682
0 0.259549 0.745097 0.0343628 0.0201529 0.788741
0 0.635699 0.182479 0.0711799 0.0218988 0.784987
0 0.432688 0.630933 0.0331763 0.0190996 0.784109
0 0.597792 0.159296 0.0838132 0.0200521 0.784075
0 0.346456 0.610755 0.0508114 0.0257254 0.768086
0 0.574211 0.672102 0.0287204 0.0197209 0.767947
0 0.510407 0.720095 0.057617 0.0200015 0.765608
0 0.42888 0.522489 0.0301071 0.0217211 0.764975
0 0.571583 0.719395 0.0679471 0.0244958 0.763434
0 0.172194 0.268115 0.0205581 0.021544 0.762246
0 0.145841 0.506343 0.0663217 0.0188198 0.759978
0 0.427954 0.545082 0.0280272 0.0178634 0.758359
0 0.476945 0.332906 0.0261317 0.0192866 0.757573
0 0.559255 0.332207 0.0275706 0.0189636 0.756219
0 0.482218 0.523081 0.0497546 0.0216717 0.75517
0 0.326115 0.460116 0.0731912 0.0216465 0.752316
0 0.148408 0.483778 0.0690869 0.022546 0.750298
0 0.181367 0.590432 0.0810177 0.022482 0.748803
0 0.139686 0.65903 0.0421588 0.0190599 0.748781
0 0.191246 0.184793 0.046883 0.0215784 0.748215
0 0.524465 0.289598 0.0883123 0.0201686 0.747862
0 0.247637 0.678503 0.035412 0.0198029 0.741315
0 0.139826 0.335284 0.0512954 0.019305 0.73977
0 0.315899 0.381207 0.0337577 0.0226346 0.737087
0 0.322465 0.269427 0.105042 0.0225987 0.736306
0 0.194789 0.483184 0.0329303 0.0175045 0.734404
0 0.165412 0.635461 0.0351814 0.0215643 0.734225
0 0.249411 0.656861 0.0518525 0.022983 0.733131
0 0.288544 0.679543 0.0497933 0.0189632 0.73256
0 0.356313 0.654266 0.0351821 0.0184799 0.731312
0 0.206196 0.504518 0.0243548 0.0224874 0.729389
0 0.540956 0.696361 0.0396844 0.0194725 0.728643
0 0.335944 0.357515 0.0576715 0.0194529 0.726887
0 0.465663 0.181172 0.0847223 0.020812 0.726435
0 0.180098 0.332992 0.0287966 0.0210999 0.725951
0 0.588478 0.742063 0.024837 0.0193611 0.725344
0 0.257794 0.568576 0.0284951 0.0214436 0.725309
0 0.550263 0.584794 0.046765 0.0195005 0.724796
0 0.612203 0.245508 0.0259503 0.0198352 0.724537
0 0.307636 0.634094 0.0601771 0.0186993 0.722527
0 0.353108 0.380458 0.0360836 0.0199664 0.721876
0 0.158501 0.401889 0.0459039 0.0185033 0.721395
0 0.667474 0.672097 0.0279711 0.0195269 0.720972
0 0.52036 0.226126 0.0734491 0.0169413 0.71908
0 0.205764 0.420145 0.0272488 0.0186839 0.718559
0 0.597135 0.498823 0.0357826 0.0194547 0.718462
0 0.56621 0.205498 0.0811919 0.02069 0.717509
0 0.460836 0.54547 0.0397496 0.0184548 0.716826
0 0.55915 0.652514 0.038261 0.0246067 0.716738
0 0.468093 0.58605 0.0231507 0.0201259 0.715638
0 0.531186 0.310212 0.0276778 0.0213049 0.714996
0 0.141707 0.380943 0.054505 0.0200354 0.714526
0 0.617512 0.396676 0.0228288 0.018096 0.713945
0 0.500729 0.841972 0.038781 0.031163 0.713881
0 0.641467 0.331662 0.0638847 0.0217711 0.713725
0 0.18354 0.378786 0.0270722 0.0223799 0.713246
0 0.517596 0.628783 0.043859 0.0225118 0.710388
0 0.424491 0.228636 0.017597 0.0172761 0.710369
0 0.34701 0.480405 0.0408376 0.0221525 0.709621
0 0.45287 0.379088 0.076999 0.0186358 0.705967
0 0.288881 0.65673 0.0278923 0.0181752 0.705209
0 0.359158 0.569015 0.0298386 0.0154423 0.70379
0 0.435659 0.159344 0.0353746 0.018752 0.703237
0 0.330399 0.291754 0.023564 0.0177459 0.702693
0 0.250356 0.246136 0.0276718 0.0191407 0.702585
0 0.250293 0.378571 0.102197 0.0259708 0.701366
0 0.502358 0.697263 0.0440056 0.0182474 0.701279
0 0.149761 0.613721 0.0647471 0.0171456 0.70126
0 0.497853 0.439816 0.0355196 0.0198961 0.700975
0 0.579767 0.696323 0.0339175 0.0192973 0.70019
0 0.49225 0.417884 0.0268322 0.0212485 0.700016
0 0.538862 0.246603 0.0221737 0.0203213 0.699183
0 0.473862 0.631771 0.0424102 0.0200443 0.699003
0 0.648692 0.519757 0.0549386 0.0218165 0.697146
0 0.486666 0.459101 0.0231912 0.0186729 0.69585
0 0.424982 0.35588 0.022389 0.0208946 0.695258
0 0.465183 0.29089 0.0289849 0.0188628 0.694947
0 0.460361 0.60886 0.0888825 0.0208076 0.694717
0 0.245998 0.440598 0.107471 0.0210041 0.693885
0 0.325977 0.524444 0.0228068 0.0223179 0.693355
0 0.447903 0.417166 0.0706536 0.0193802 0.691935
0 0.602201 0.376676 0.0255336 0.0215307 0.691319
0 0.563567 0.607087 0.116932 0.020355 0.689612
0 0.651525 0.717988 0.0779459 0.0198408 0.689592
0 0.319944 0.657741 0.0350351 0.0254749 0.689345
0 0.358818 0.292476 0.0325805 0.0207859 0.686974
0 0.46496 0.7186 0.0364495 0.020483 0.686385
0 0.254948 0.700738 0.030838 0.0216181 0.685951
0 0.19263 0.311764 0.0367277 0.0202341 0.68484
0 0.538938 0.378076 0.0355385 0.0223134 0.684754
0 0.581521 0.268557 0.0709946 0.0240121 0.683505
0 0.479348 0.742862 0.0363488 0.0230691 0.68349
0 0.198325 0.745631 0.0346541 0.0179329 0.681837
0 0.150714 0.549117 0.0690669 0.0221911 0.681152
0 0.470168 0.398219 0.052036 0.0200944 0.68045
0 0.31558 0.546566 0.0262348 0.0196672 0.679678
0 0.584495 0.398356 0.0453524 0.0176948 0.679525
0 0.183453 0.680086 0.0845219 0.019642 0.677987
0 0.146613 0.247311 0.0603746 0.0184564 0.676662
0 0.172578 0.290953 0.0233381 0.018582 0.675338
0 0.345974 0.335383 0.050971 0.0194853 0.675121
0 0.311296 0.334886 0.0221333 0.0204802 0.674857
0 0.503795 0.587571 0.0468132 0.0180002 0.674732
0 0.649038 0.356356 0.0508381 0.0181373 0.674193
0 0.267832 0.52323 0.0969406 0.0218563 0.672959
0 0.257839 0.633356 0.0371744 0.0209301 0.672204
0 0.517865 0.158314 0.0255173 0.0234568 0.670996
0 0.634772 0.376814 0.0344409 0.0228692 0.670057
0 0.494888 0.543829 0.0274045 0.0225121 0.669823
0 0.63216 0.562576 0.0829085 0.022073 0.669806
0 0.362646 0.183803 0.0238694 0.0165238 0.6687
0 0.250185 0.334924 0.105408 0.0221111 0.668644
0 0.570948 0.566145 0.0283563 0.0179792 0.665623
0 0.272061 0.547069 0.0600431 0.0215523 0.665065
0 0.175187 0.527258 0.0456006 0.0182029 0.664207
0 0.274373 0.183629 0.075606 0.018901 0.663906
0 0.426915 0.397235 0.030203 0.0195099 0.66338
0 0.476769 0.356694 0.0857151 0.0218995 0.663178
0 0.507692 0.373982 0.0285615 0.0216885 0.662535
0 0.325774 0.205515 0.0410138 0.0196233 0.661805
0 0.572172 0.376528 0.0384065 0.0209377 0.661701
0 0.222929 0.610345 0.0371126 0.0213074 0.661676
0 0.199725 0.63459 0.0290896 0.0215167 0.661661
0 0.279662 0.227087 0.0813232 0.0180521 0.660463
0 0.19608 0.206716 0.0439591 0.0181755 0.659168
0 0.254351 0.267814 0.0326568 0.0200657 0.65904
0 0.646662 0.440073 0.0405172 0.0196587 0.659016
0 0.319595 0.246779 0.112561 0.0191828 0.659011
0 0.242919 0.48187 0.0257387 0.0252888 0.657415
0 0.347206 0.419396 0.030564 0.0168327 0.656283
0 0.437774 0.846524 0.0791668 0.0595036 0.655555
0 0.140005 0.44238 0.0531315 0.0161757 0.653549
0 0.181031 0.441925 0.0260646 0.0204006 0.652491
0 0.243358 0.208279 0.0576085 0.0200787 0.652122
0 0.471039 0.247317 0.103031 0.0219146 0.651952
0 0.283479 0.69952 0.0260579 0.0201107 0.651381
0 0.348005 0.22637 0.0602173 0.0177196 0.64995
0 0.146347 0.206553 0.0595918 0.0212849 0.648899
0 0.185235 0.160961 0.0431813 0.0214978 0.64836
0 0.54662 0.520322 0.0398711 0.0190777 0.648115
0 0.610347 0.695486 0.0260811 0.0196688 0.646468
0 0.210165 0.525794 0.0222291 0.0176794 0.64377
1 0.670449 0.279388 0.0100291 0.0114717 0.643326
0 0.487776 0.203389 0.0271065 0.0212006 0.642624
0 0.546011 0.498129 0.0672142 0.0191994 0.641717
0 0.360134 0.675193 0.0366928 0.0202253 0.6409
0 0.431484 0.71911 0.0311277 0.0173455 0.640392
0 0.301717 0.314482 0.0377454 0.0196425 0.639902
0 0.329566 0.743848 0.102786 0.0194313 0.639119
0 0.430656 0.479829 0.0348745 0.0196346 0.639115
0 0.582112 0.520505 0.0286204 0.0222631 0.638386
0 0.433428 0.653614 0.0351424 0.0256464 0.637715
0 0.583852 0.286851 0.0314741 0.0215193 0.637548
0 0.125405 0.400952 0.0262054 0.0179249 0.636998
0 0.636772 0.418429 0.0629853 0.020379 0.636728
0 0.27623 0.480442 0.0599084 0.0227415 0.636423
0 0.473322 0.674327 0.0840331 0.0189591 0.636125
0 0.523052 0.648274 0.0293263 0.0192866 0.635226
0 0.589623 0.332931 0.0397732 0.0209102 0.634824
0 0.519542 0.520372 0.0242144 0.0191557 0.633394
0 0.460899 0.226531 0.0487209 0.022021 0.632899
0 0.657904 0.694113 0.0420395 0.0204809 0.630989
0 0.318296 0.590021 0.0383287 0.0221348 0.630926
0 0.571818 0.546106 0.0229206 0.0190956 0.630834
0 0.637906 0.673244 0.0322395 0.0215611 0.629481
0 0.64171 0.630204 0.0440515 0.0189127 0.629114
0 0.34996 0.544124 0.0371434 0.02337 0.628414
0 0.538147 0.565384 0.0396014 0.0210297 0.627297
0 0.278819 0.593557 0.0406494 0.0162109 0.623888
0 0.617971 0.205427 0.0243103 0.0176855 0.623421
0 0.158368 0.313349 0.0314859 0.0224266 0.621245
0 0.650123 0.39721 0.0480942 0.0204727 0.620673
0 0.574478 0.246108 0.0466272 0.019966 0.620231
0 0.424131 0.696493 0.0178032 0.0190096 0.619327
0 0.43432 0.311537 0.0386853 0.0199564 0.618177
0 0.559562 0.629471 0.0396131 0.0200088 0.61733
0 0.467926 0.695833 0.0245517 0.0196656 0.61556
0 0.245539 0.356332 0.11509 0.021062 0.614549
0 0.360948 0.631953 0.0385619 0.0233305 0.614214
0 0.311261 0.439509 0.0232347 0.0201908 0.613761
0 0.228771 0.745177 0.0200366 0.0154602 0.61236
0 0.596104 0.649826 0.0378039 0.021359 0.611077
0 0.3159 0.482393 0.0239829 0.01834 0.610731
0 0.135761 0.228335 0.0446157 0.0156435 0.6104
0 0.257371 0.546723 0.0293023 0.0200288 0.610165
0 0.633804 0.650719 0.0320123 0.0227987 0.609777
0 0.472984 0.651399 0.0449043 0.020044 0.608275
0 0.466104 0.311674 0.0224264 0.0178422 0.608078
0 0.518419 0.269369 0.0687658 0.0200397 0.606913
0 0.498154 0.567268 0.0361581 0.0214067 0.606896
0 0.543724 0.159004 0.0218456 0.0278284 0.606232
0 0.64895 0.264862 0.0358658 0.0210433 0.605485
0 0.427046 0.564088 0.0261927 0.0222536 0.605252
0 0.65751 0.498256 0.0404353 0.0192487 0.600742
0 0.445225 0.696216 0.0206998 0.0190208 0.600278
0 0.645414 0.479079 0.0712915 0.0190448 0.599528
0 0.561906 0.437415 0.0934476 0.0212634 0.599426
0 0.270429 0.161234 0.126203 0.0184231 0.599151
0 0.51768 0.481603 0.0582213 0.0194039 0.599038
0 0.263577 0.480924 0.0661391 0.0237148 0.597962
0 0.317179 0.568835 0.0530861 0.019466 0.597212
0 0.212386 0.54683 0.0620923 0.01906 0.593522
0 0.515188 0.203056 0.0292618 0.0255664 0.58977
0 0.478098 0.499342 0.0650747 0.0203327 0.589181
0 0.618561 0.356534 0.0241182 0.0169567 0.587159
0 0.647917 0.287433 0.0509259 0.0205895 0.586805
0 0.211025 0.723785 0.0642754 0.0220705 0.584695
0 0.328699 0.183379 0.0354559 0.0197478 0.584653
0 0.351953 0.523103 0.0379564 0.0202476 0.582755
0 0.149769 0.462112 0.0731585 0.0193398 0.580734
0 0.625994 0.49751 0.0226119 0.0194014 0.578795
0 0.365036 0.500509 0.0242558 0.0194493 0.577859
0 0.424997 0.28928 0.0217038 0.0187797 0.576993
0 0.47903 0.159958 0.0561045 0.017405 0.57483
0 0.331063 0.676943 0.0292725 0.0202621 0.574066
0 0.127153 0.41952 0.0305178 0.019425 0.573976
0 0.358265 0.400377 0.0172909 0.0154746 0.571806
0 0.537565 0.675077 0.0450892 0.0173298 0.57
0 0.523144 0.652574 0.0282058 0.0250782 0.56889
0 0.621151 0.226168 0.0556213 0.0176343 0.568223
0 0.677162 0.628605 0.026237 0.019156 0.567895
0 0.648244 0.204002 0.0352542 0.023065 0.567874
0 0.150147 0.268799 0.0264584 0.0177386 0.567452
0 0.235247 0.504316 0.0329341 0.0167328 0.565314
0 0.289689 0.204983 0.0347154 0.0201448 0.564306
0 0.567138 0.480298 0.0390267 0.0206689 0.564112
0 0.642023 0.245028 0.0320226 0.0214303 0.560777
0 0.511722 0.742357 0.0176524 0.0174622 0.560623
0 0.549301 0.742149 0.0571598 0.0203146 0.555203
0 0.587151 0.309776 0.0866041 0.0204132 0.555087
0 0.243269 0.590211 0.03502 0.0208376 0.551814
0 0.340136 0.312786 0.0363733 0.0194925 0.549219
0 0.198228 0.399766 0.0384142 0.017422 0.548557
1 0.121479 0.6812 0.00963201 0.0236647 0.548066
0 0.505916 0.479944 0.0585225 0.0189094 0.544352
0 0.506822 0.396926 0.0217838 0.0181309 0.541589
0 0.121826 0.57036 0.017041 0.0190823 0.53952
0 0.464779 0.288451 0.0336862 0.0213905 0.537558
0 0.426899 0.2025 0.0201985 0.0180929 0.537303
0 0.226844 0.633848 0.0206812 0.0170998 0.536799
0 0.259589 0.313514 0.0413512 0.0193186 0.536755
0 0.571185 0.355 0.0709061 0.0231859 0.536415
0 0.573551 0.224675 0.0336728 0.0193852 0.535739
0 0.149186 0.291425 0.0222469 0.017875 0.535143
0 0.330326 0.502865 0.0436265 0.017207 0.533246
0 0.599383 0.631323 0.0378876 0.0205406 0.532585
0 0.251663 0.723037 0.0152235 0.0168471 0.532137
0 0.153253 0.357054 0.0229566 0.0216302 0.531363
0 0.240593 0.460933 0.0675608 0.0209188 0.530949
0 0.540799 0.543914 0.0436088 0.0221135 0.530842
0 0.575366 0.182049 0.0479866 0.0211119 0.53046
0 0.613608 0.285189 0.0217593 0.0192177 0.529639
0 0.449744 0.267983 0.0578335 0.0204062 0.528779
0 0.520085 0.182418 0.0213877 0.0178252 0.526705
0 0.612805 0.289944 0.0205587 0.0144087 0.525881
0 0.3076 0.721045 0.0505909 0.0193922 0.525583
0 0.104738 0.24512 0.0177741 0.0471914 0.523938
0 0.101553 0.295287 0.0287677 0.0564861 0.523542
0 0.173039 0.745072 0.014216 0.0149141 0.519482
0 0.348384 0.720923 0.0257026 0.0146578 0.516901
0 0.532995 0.480255 0.0276312 0.0190347 0.515103
0 0.338236 0.698242 0.100078 0.020687 0.513192
0 0.358452 0.20528 0.0269431 0.0170874 0.512842
0 0.151836 0.72498 0.0540163 0.0183658 0.511023
0 0.291225 0.501327 0.0373426 0.0188995 0.509859
0 0.206669 0.461373 0.027977 0.0206785 0.509359
0 0.609944 0.542632 0.0420334 0.020095 0.504513
0 0.573618 0.457958 0.0301292 0.0174412 0.499549
0 0.284013 0.720191 0.0474693 0.0217482 0.497941
0 0.437786 0.858355 0.0810898 0.035918 0.49676
0 0.353079 0.588353 0.0292125 0.0201401 0.496723
0 0.67747 0.543312 0.0214867 0.0182532 0.496322
0 0.191 0.244737 0.0263376 0.0192796 0.49578
0 0.620439 0.439912 0.0225411 0.0181282 0.495314
0 0.108086 0.244927 0.0153395 0.0455441 0.487512
0 0.613599 0.672069 0.017451 0.0193058 0.48742
0 0.437265 0.521679 0.036369 0.019708 0.486601
1 0.657957 0.37847 0.00965219 0.0132806 0.48574
0 0.496861 0.312806 0.0405753 0.0198334 0.483773
0 0.296646 0.610562 0.0442605 0.0208488 0.483609
0 0.148461 0.704104 0.0556664 0.0231854 0.483245
0 0.156295 0.572428 0.0596991 0.0237749 0.481557
0 0.650264 0.262869 0.0446357 0.0198303 0.481363
0 0.224959 0.31245 0.0274945 0.0202061 0.481094
0 0.382455 0.8604 0.0226973 0.0146545 0.477998
0 0.551371 0.397579 0.0194399 0.0168139 0.475975
0 0.565354 0.308606 0.0448906 0.0207005 0.473037
0 0.225822 0.183523 0.0255467 0.0162314 0.470472
