1 0.831191 0.614568 0.0545487 0.0331404 0.882326
1 0.55638 0.686135 0.0741336 0.0458751 0.880491
0 0.832821 0.476701 0.127857 0.0299274 0.879782
0 0.568541 0.561309 0.179245 0.0278096 0.877776
1 0.413299 0.355059 0.041663 0.0344684 0.876767
0 0.373009 0.645738 0.0732772 0.027446 0.872697
0 0.36478 0.212445 0.0400104 0.0249401 0.871337
1 0.821431 0.27702 0.0430051 0.0318381 0.868286
1 0.779238 0.711055 0.0169957 0.0179633 0.864431
0 0.365767 0.390297 0.0493149 0.0263405 0.858401
0 0.74194 0.21656 0.147234 0.0298301 0.854817
0 0.493983 0.39033 0.115158 0.0265588 0.854079
0 0.752017 0.304276 0.0794655 0.0246798 0.842882
0 0.619036 0.737672 0.0501317 0.0338043 0.838828
0 0.84109 0.302292 0.095929 0.0225777 0.836282
0 0.546554 0.213677 0.142605 0.0308396 0.83553
1 0.761938 0.617891 0.0180959 0.0179001 0.833371
0 0.857373 0.215417 0.0706306 0.0226707 0.832048
0 0.37646 0.301506 0.069391 0.0258358 0.829433
0 0.412168 0.387008 0.0419124 0.0254026 0.829185
1 0.447899 0.597697 0.0375367 0.0283922 0.827007
0 0.394912 0.561069 0.060685 0.0270155 0.826867
1 0.58699 0.259421 0.018198 0.0151807 0.825269
1 0.824226 0.702658 0.0171443 0.0149784 0.822414
0 0.568747 0.473194 0.0684641 0.0272352 0.819909
1 0.699656 0.703399 0.0285434 0.0277665 0.819837
0 0.487451 0.648851 0.0437934 0.0224397 0.81941
1 0.385793 0.594259 0.0192435 0.0285947 0.817167
1 0.783537 0.409029 0.0196266 0.015946 0.815257
1 0.85415 0.687779 0.0176926 0.0161326 0.813048
0 0.771922 0.737002 0.04912 0.0282612 0.810571
1 0.454612 0.360133 0.018698 0.0315391 0.809716
0 0.647704 0.395373 0.113308 0.0454575 0.809244
0 0.599352 0.30119 0.0715327 0.0254885 0.809173
1 0.63886 0.68839 0.0508383 0.0319112 0.809013
1 0.35491 0.609538 0.0214896 0.0176072 0.808191
1 0.404826 0.49528 0.0416472 0.0356356 0.806922
0 0.798739 0.651815 0.113555 0.0243818 0.803876
1 0.414829 0.701134 0.0176469 0.0295681 0.803585
1 0.767885 0.522447 0.06466 0.0458427 0.803115
0 0.816224 0.391938 0.0413131 0.0456582 0.802603
0 0.681762 0.650092 0.113451 0.0251152 0.80239
0 0.748622 0.390011 0.0723259 0.0335285 0.800067
1 0.479729 0.358435 0.0178322 0.0196518 0.799791
0 0.732753 0.475916 0.0529404 0.0241686 0.793815
1 0.694143 0.258119 0.015126 0.0169439 0.789353
1 0.50247 0.526638 0.0192805 0.0336624 0.788795
1 0.470155 0.68309 0.0340876 0.0203128 0.78844
0 0.509623 0.301932 0.102937 0.0250868 0.786456
1 0.669008 0.683649 0.0194541 0.0205231 0.784448
1 0.621115 0.500846 0.0207449 0.0271464 0.781905
1 0.7425 0.251701 0.0176566 0.0268568 0.781238
0 0.845366 0.563502 0.106434 0.0261803 0.780948
1 0.890597 0.537742 0.0178909 0.01933 0.779537
1 0.562101 0.512345 0.0163953 0.0177385 0.778706
1 0.702949 0.505894 0.0558108 0.0346125 0.776898
1 0.440417 0.257307 0.0183585 0.0192908 0.774808
0 0.550178 0.649675 0.0746831 0.0247248 0.774805
0 0.45283 0.734959 0.124531 0.0289112 0.77472
0 0.437381 0.299369 0.0409436 0.0262517 0.770818
0 0.475586 0.475241 0.0993455 0.0257103 0.770605
0 0.673659 0.304342 0.0726026 0.0246562 0.770258
1 0.613963 0.425855 0.0434341 0.0315229 0.769615
0 0.475129 0.734726 0.178368 0.0277221 0.769532
0 0.414646 0.213989 0.0567315 0.0223769 0.767778
2 0.600713 0.606047 0.57273 0.0459634 0.765775
1 0.631777 0.601284 0.0246765 0.0333058 0.764201
0 0.450348 0.561871 0.0454165 0.0222034 0.75842
1 0.880531 0.696048 0.0173455 0.0174912 0.755032
0 0.742919 0.564302 0.031715 0.022255 0.754997
1 0.517778 0.165341 0.0154684 0.0203327 0.74751
1 0.621047 0.260304 0.0165062 0.0161426 0.747049
1 0.583163 0.334882 0.0178412 0.0181916 0.746549
1 0.673126 0.6127 0.0407003 0.0344278 0.746017
1 0.675849 0.352604 0.0469714 0.0385779 0.74347
1 0.891189 0.432059 0.0187605 0.0187587 0.742764
1 0.77652 0.257935 0.0165772 0.0164733 0.741963
1 0.535582 0.365899 0.0182337 0.0171393 0.74112
1 0.588651 0.498729 0.0172567 0.0186249 0.741053
1 0.365844 0.338558 0.0180774 0.0190479 0.740704
1 0.906443 0.701319 0.0102723 0.015769 0.729365
0 0.646193 0.215558 0.0454323 0.0217231 0.726519
2 0.615474 0.264314 0.592022 0.0602903 0.725642
0 0.324781 0.519695 0.0276642 0.066155 0.72562
0 0.322089 0.732183 0.0278092 0.10093 0.724292
0 0.686162 0.56564 0.0436257 0.0259164 0.72371
0 0.703356 0.737555 0.076725 0.0255814 0.722448
1 0.491736 0.597985 0.0166466 0.0249651 0.722018
0 0.843881 0.739253 0.0881715 0.0244765 0.721491
2 0.615612 0.519383 0.611058 0.0562197 0.720551
2 0.61083 0.507124 0.59486 0.0293126 0.714897
1 0.605641 0.334459 0.0138617 0.0187331 0.714154
2 0.623963 0.171567 0.577759 0.0414108 0.712343
1 0.88681 0.623933 0.012115 0.020265 0.711249
1 0.473748 0.430536 0.0180522 0.0176183 0.710703
0 0.861053 0.38883 0.0432211 0.0243706 0.709338
0 0.363407 0.732241 0.0528342 0.0309261 0.708043
1 0.439096 0.710365 0.0189531 0.0246317 0.70711
1 0.606718 0.180127 0.0160056 0.0140547 0.705787
1 0.864845 0.277353 0.0150495 0.0225878 0.696032
1 0.659232 0.258637 0.0169885 0.0143987 0.695043
1 0.583552 0.602639 0.0285093 0.0353488 0.691633
1 0.581308 0.165918 0.0234783 0.0294135 0.689374
1 0.357389 0.500037 0.0187089 0.0317715 0.686226
1 0.452421 0.455157 0.0206095 0.019268 0.684886
1 0.341513 0.490252 0.0136659 0.0288212 0.683196
1 0.533728 0.519956 0.0169933 0.019491 0.68049
0 0.571519 0.390224 0.0287519 0.0298773 0.680236
1 0.711867 0.616688 0.0269605 0.0282049 0.679716
1 0.892577 0.15467 0.0123478 0.0210349 0.679005
1 0.862483 0.152548 0.0162265 0.015631 0.677738
1 0.409372 0.604027 0.0225993 0.0261034 0.673991
1 0.610784 0.701028 0.0160601 0.0147919 0.67159
1 0.467154 0.586872 0.0171671 0.0305441 0.670138
0 0.328935 0.394302 0.025562 0.0469407 0.66856
1 0.545555 0.605411 0.0476906 0.0287197 0.665157
1 0.699543 0.407037 0.040489 0.0373097 0.661435
1 0.506306 0.681632 0.0261235 0.0333236 0.658878
1 0.443801 0.446773 0.0179337 0.0239675 0.658456
2 0.617011 0.586907 0.575022 0.0204615 0.656384
0 0.460153 0.2109 0.0258199 0.025291 0.651347
1 0.506002 0.365342 0.017075 0.0163978 0.650087
1 0.75278 0.160144 0.0180384 0.01575 0.647119
1 0.836094 0.146379 0.0176043 0.0176421 0.644954
0 0.322089 0.588724 0.0260594 0.0886125 0.64209
1 0.692042 0.171905 0.0165376 0.0215887 0.640876
1 0.908579 0.537836 0.0121762 0.0310355 0.640144
1 0.705448 0.349231 0.0130213 0.0658293 0.634529
2 0.609513 0.53234 0.591775 0.0294136 0.634245
1 0.89511 0.266383 0.0106646 0.0167971 0.628852
1 0.394438 0.246178 0.0183291 0.0282337 0.628317
1 0.604027 0.586995 0.0131805 0.0283005 0.626787
1 0.581098 0.432911 0.0202181 0.0207337 0.622796
1 0.494 0.177102 0.0164523 0.0153701 0.620001
1 0.508287 0.425914 0.0323213 0.0180854 0.617965
0 0.329003 0.374996 0.0253202 0.0876863 0.61648
2 0.62291 0.180722 0.580766 0.0463697 0.615393
1 0.864535 0.416666 0.0312282 0.0286941 0.604392
1 0.622718 0.325389 0.0161572 0.0171668 0.602237
2 0.616809 0.452691 0.58496 0.0246775 0.602052
1 0.81584 0.531519 0.0223511 0.0301472 0.601877
1 0.643107 0.174926 0.0173019 0.0263664 0.600396
1 0.908263 0.42426 0.00979636 0.0181946 0.593507
2 0.64889 0.436938 0.520256 0.0322476 0.59279
1 0.364484 0.256193 0.0191092 0.0193294 0.590352
1 0.449433 0.498328 0.0255451 0.0286562 0.57099
1 0.462066 0.152291 0.0128482 0.0168987 0.569622
2 0.616881 0.53526 0.587586 0.0207219 0.565667
1 0.521495 0.425925 0.0280422 0.0190134 0.557259
1 0.550413 0.15323 0.0176189 0.0182118 0.553305
1 0.523433 0.592911 0.0163506 0.0215766 0.549313
1 0.914376 0.16635 0.00859987 0.0184298 0.541185
1 0.675258 0.510108 0.0183184 0.0181772 0.532443
1 0.522977 0.250275 0.0175673 0.0185822 0.529664
2 0.611216 0.692874 0.594499 0.0479248 0.529275
1 0.462603 0.699337 0.0192441 0.0168696 0.526559
0 0.639235 0.303487 0.145944 0.0250962 0.52589
1 0.648186 0.621189 0.0153735 0.0148916 0.518828
0 0.321322 0.168945 0.0352771 0.0802112 0.517348
0 0.525557 0.0558647 0.0348656 0.0238921 0.515657
1 0.817924 0.397632 0.0277415 0.0419102 0.512349
1 0.380873 0.500775 0.017462 0.0211716 0.505701
1 0.725335 0.167241 0.0156766 0.0144324 0.503966
0 0.331534 0.330554 0.0304941 0.0919088 0.502883
1 0.583643 0.34065 0.0173038 0.0294723 0.500646
1 0.480593 0.246993 0.0177279 0.0286652 0.489392
0 0.862296 0.565277 0.0682805 0.0237488 0.488534
1 0.379201 0.498969 0.0242597 0.0227314 0.486696
2 0.601112 0.634053 0.575565 0.0245857 0.484725
1 0.789719 0.154886 0.0144846 0.0186365 0.480684
1 0.406004 0.199316 0.0163047 0.0139673 0.479069
1 0.638541 0.336464 0.0203669 0.0295956 0.478305
0 0.327082 0.313013 0.0324528 0.0566857 0.475748
1 0.905344 0.16678 0.0128402 0.0205537 0.475698
1 0.611108 0.596838 0.0151316 0.0360091 0.46443
1 0.515352 0.408136 0.0203645 0.016804 0.452543
2 0.615403 0.185742 0.587494 0.0323594 0.449956
2 0.613393 0.702446 0.612518 0.0432979 0.441475
1 0.343659 0.176251 0.011606 0.0234016 0.439785
1 0.707472 0.348429 0.0112676 0.0659233 0.432093
2 0.628465 0.163082 0.561362 0.0256406 0.431042
0 0.324171 0.604552 0.0256991 0.112244 0.430282
2 0.616044 0.610279 0.574279 0.0303806 0.426877
2 0.618791 0.495978 0.607187 0.0286259 0.420438
2 0.60027 0.62834 0.577367 0.0261617 0.4204
2 0.603315 0.596191 0.573199 0.0401815 0.411358
1 0.471633 0.167964 0.0153307 0.0165746 0.40712
1 0.34285 0.263489 0.0134342 0.0379301 0.406392
0 0.323519 0.563018 0.0247366 0.136061 0.402609
2 0.60257 0.346753 0.63277 0.0483939 0.397236
0 0.324672 0.624229 0.0254323 0.0819556 0.389784
1 0.88335 0.160825 0.0126858 0.0164348 0.389163
1 0.850782 0.533427 0.0172572 0.0195345 0.384346
0 0.547623 0.735963 0.0483411 0.0220741 0.383348
1 0.605768 0.593825 0.0158348 0.0415863 0.380933
0 0.54148 0.736555 0.0675115 0.0246074 0.378588
2 0.614314 0.639145 0.575658 0.022091 0.378174
1 0.347525 0.563023 0.0287055 0.0278311 0.375459
0 0.32373 0.753024 0.0295667 0.0645273 0.373371
1 0.738646 0.416394 0.0210494 0.0201409 0.373058
2 0.611285 0.488417 0.593843 0.0230659 0.369916
2 0.618034 0.685552 0.591435 0.027577 0.369021
0 0.321989 0.719924 0.0167282 0.0755783 0.367993
1 0.730782 0.408789 0.0199814 0.0195456 0.36735
1 0.562489 0.518569 0.0173477 0.0315307 0.36335
0 0.322485 0.729884 0.019289 0.0952118 0.363072
2 0.618243 0.253673 0.586294 0.0501285 0.354811
2 0.592165 0.71386 0.552324 0.0231886 0.350615
1 0.838863 0.153023 0.0128438 0.02641 0.339787
2 0.626539 0.141573 0.573815 0.0176323 0.337873
2 0.612761 0.145034 0.588883 0.0237881 0.337715
1 0.544259 0.599197 0.0532424 0.0376312 0.33238
1 0.912055 0.537701 0.0193573 0.0301558 0.317516
1 0.901586 0.165329 0.0151411 0.0208678 0.310972
1 0.412698 0.609692 0.0244846 0.0147233 0.309242
1 0.457791 0.360981 0.027305 0.0261841 0.308123
1 0.362079 0.190746 0.0230872 0.0205879 0.305047
1 0.449145 0.169246 0.0161557 0.0172336 0.304185
1 0.335587 0.6702 0.0128933 0.0154194 0.301316
2 0.510886 0.346199 0.385439 0.0481559 0.300608
2 0.602229 0.709756 0.605032 0.030563 0.295789
2 0.654101 0.458507 0.501589 0.0208526 0.286468
0 0.325789 0.551738 0.0226514 0.121504 0.272016
0 0.569615 0.392013 0.0373929 0.0285802 0.266004
2 0.654225 0.432462 0.490442 0.0209797 0.263334
1 0.563336 0.409879 0.0328003 0.0180254 0.261841
1 0.319414 0.795433 0.0119365 0.0217516 0.260864
1 0.785692 0.525784 0.0304415 0.0390419 0.254082
1 0.375096 0.722832 0.0206407 0.0207379 0.251921
1 0.422912 0.428205 0.0190922 0.064307 0.251765
