0 0.601916 0.505682 0.0303432 0.024884 0.849991
0 0.458454 0.244474 0.0214137 0.0331626 0.843212
0 0.509741 0.781091 0.0502765 0.013797 0.842678
0 0.56191 0.742825 0.0492241 0.0157748 0.838831
0 0.83592 0.709863 0.0815554 0.0159716 0.838405
0 0.965006 0.709058 0.0340672 0.0134714 0.827001
0 0.969189 0.206698 0.0245351 0.0141273 0.820922
0 0.497382 0.213375 0.0225772 0.0318863 0.818202
0 0.707936 0.507644 0.0704849 0.0249659 0.812922
0 0.724675 0.405139 0.0480172 0.0170487 0.808051
0 0.608695 0.577819 0.065761 0.0223555 0.804464
0 0.967856 0.64204 0.0389507 0.0169523 0.799249
0 0.705731 0.308803 0.0378775 0.013363 0.79605
0 0.712195 0.339397 0.0188861 0.0123112 0.793951
0 0.396668 0.744849 0.0813219 0.0159376 0.793199
0 0.660692 0.512296 0.022241 0.0317348 0.793163
0 0.817261 0.577259 0.0343442 0.0263069 0.792022
0 0.664854 0.406041 0.0690358 0.0155941 0.79115
0 0.539722 0.209443 0.0677783 0.0278187 0.789852
0 0.79734 0.376712 0.0500553 0.0260629 0.788886
0 0.867884 0.236617 0.0448537 0.0215793 0.786445
0 0.475388 0.613739 0.0487267 0.017406 0.785354
0 0.616887 0.647525 0.0511231 0.0267257 0.784223
0 0.670238 0.609138 0.0577683 0.0198031 0.783068
0 0.845689 0.676679 0.0779259 0.016671 0.78201
0 0.720216 0.1383 0.0621086 0.033052 0.779773
0 0.867313 0.407584 0.03525 0.0189531 0.779594
1 0.573622 0.759733 0.0139731 0.0139618 0.778427
0 0.484048 0.341738 0.0872023 0.0179615 0.777182
0 0.781837 0.545355 0.0199716 0.0268478 0.776187
0 0.659995 0.4757 0.0678609 0.0163493 0.775374
0 0.749421 0.372396 0.0451114 0.0127462 0.774934
0 0.564003 0.240058 0.0242907 0.0221623 0.773285
0 0.713279 0.610664 0.0306921 0.0205067 0.771724
0 0.981994 0.271037 0.0337367 0.0181248 0.7704
0 0.448563 0.313871 0.02609 0.0132265 0.769573
0 0.558229 0.637701 0.0260081 0.0350391 0.769247
0 0.696347 0.235772 0.0465098 0.038263 0.768607
0 0.801871 0.402794 0.0206893 0.0272795 0.767608
0 0.609771 0.741932 0.043266 0.0175523 0.76692
0 0.59695 0.210779 0.0464148 0.0129848 0.764876
0 0.837481 0.341903 0.0555571 0.0165385 0.760637
0 0.76957 0.401411 0.0465985 0.0334211 0.758417
0 0.970362 0.338082 0.0387051 0.0162877 0.757484
0 0.561856 0.441904 0.0180632 0.015637 0.755728
0 0.541842 0.243232 0.0176931 0.0145352 0.755655
0 0.82375 0.172348 0.0778478 0.0157761 0.753239
0 0.501219 0.513027 0.0635613 0.0150265 0.752804
0 0.444364 0.213089 0.0850082 0.0223967 0.75265
0 0.959279 0.741721 0.0259746 0.0130869 0.752439
0 0.458857 0.506396 0.0233984 0.0457847 0.752367
0 0.724849 0.70887 0.0721545 0.0186242 0.75202
0 0.875366 0.63914 0.0308712 0.0209711 0.748752
0 0.767326 0.679942 0.0203316 0.0161456 0.747872
0 0.426171 0.175496 0.0640855 0.0175291 0.746819
0 0.428068 0.242762 0.0407569 0.0176922 0.746601
0 0.80669 0.611373 0.0888913 0.0247996 0.745819
0 0.822036 0.308976 0.111596 0.0200839 0.744383
0 0.654952 0.371516 0.0246395 0.0113026 0.743688
0 0.634813 0.208511 0.0306599 0.0379823 0.743481
0 0.574467 0.508944 0.0225844 0.0219837 0.739538
0 0.732774 0.77686 0.0223275 0.0133881 0.736706
0 0.517785 0.312227 0.0707619 0.0208651 0.736062
0 0.788276 0.676446 0.02746 0.0147745 0.733945
0 0.439365 0.511569 0.0229494 0.0239302 0.732873
1 0.425873 0.763952 0.00813216 0.0121007 0.730838
0 0.693038 0.777065 0.0581924 0.0204469 0.730807
0 0.963413 0.134492 0.0251642 0.0153035 0.730202
0 0.73918 0.607928 0.0197748 0.0170515 0.729457
0 0.615531 0.400474 0.0289227 0.0342779 0.726953
0 0.406014 0.480684 0.0662593 0.021635 0.726318
0 0.644357 0.30944 0.0844143 0.0175047 0.724803
0 0.850069 0.544352 0.0433224 0.01593 0.723655
0 0.481185 0.406698 0.0741842 0.0215766 0.722069
0 0.74072 0.239077 0.0438204 0.0156755 0.720134
0 0.766152 0.506123 0.0309014 0.0246627 0.719044
0 0.417441 0.579045 0.0201891 0.0178951 0.718028
0 0.384986 0.244263 0.0446943 0.0147693 0.717493
0 0.610869 0.241674 0.0446689 0.0149516 0.716758
0 0.452479 0.477475 0.0285442 0.0164395 0.716667
0 0.548229 0.477852 0.0303819 0.0127453 0.715536
0 0.734324 0.307923 0.0173761 0.011648 0.713931
0 0.757192 0.610657 0.0190358 0.0286985 0.713706
0 0.614458 0.544268 0.0225126 0.0171335 0.713388
0 0.370223 0.512887 0.0334766 0.0274901 0.712919
1 0.623343 0.757327 0.008187 0.0119344 0.712669
0 0.507889 0.54437 0.0227956 0.0241033 0.711373
1 0.822188 0.757446 0.0107999 0.0125792 0.711054
0 0.666327 0.338904 0.0763631 0.0153281 0.710169
0 0.986209 0.131511 0.0247761 0.0160864 0.70808
0 0.515722 0.74305 0.0399545 0.0159369 0.707186
0 0.968944 0.776899 0.0466553 0.0148752 0.704988
0 0.571593 0.370638 0.0184964 0.0200097 0.704229
0 0.628918 0.272959 0.0614732 0.0172824 0.703751
0 0.437105 0.71332 0.034786 0.012591 0.703478
0 0.758262 0.208526 0.0236091 0.0232178 0.7028
0 0.586311 0.610481 0.068212 0.0170671 0.701478
0 0.585114 0.708968 0.0551742 0.0180754 0.700897
0 0.636779 0.543685 0.0210965 0.0188865 0.699713
0 0.532506 0.540102 0.0263714 0.0432527 0.696025
0 0.82454 0.509983 0.086645 0.0159899 0.695765
0 0.853591 0.579203 0.0366903 0.0151616 0.693427
0 0.566553 0.579234 0.0151332 0.0141222 0.69314
0 0.572441 0.343672 0.0945716 0.0199585 0.692054
0 0.394839 0.31066 0.0815341 0.0174286 0.688971
0 0.426205 0.134375 0.0285429 0.0222536 0.687224
0 0.707558 0.546169 0.0167401 0.0180105 0.686715
0 0.543957 0.406864 0.0271676 0.0157784 0.682322
0 0.392327 0.582514 0.0333296 0.0126644 0.682312
0 0.958855 0.273024 0.0152384 0.0121978 0.68177
0 0.546913 0.371061 0.0285008 0.0198885 0.681435
0 0.0725773 0.858421 0.0169891 0.0157873 0.680748
0 0.636399 0.439765 0.0621224 0.0175718 0.679818
0 0.76563 0.707519 0.0177993 0.0143765 0.679373
1 0.435596 0.697038 0.0109996 0.0129814 0.67928
0 0.404358 0.613948 0.0961254 0.0182377 0.675949
0 0.673818 0.440197 0.0183136 0.016423 0.67579
0 0.692897 0.578323 0.0155621 0.0138902 0.675303
0 0.784486 0.709912 0.0186663 0.0136068 0.672225
0 0.682527 0.544605 0.0377055 0.0158864 0.671031
0 0.770977 0.580547 0.0207835 0.0243839 0.668937
0 0.500608 0.68422 0.0497508 0.0281762 0.668026
0 0.853467 0.477559 0.0482438 0.0142256 0.667671
0 0.843757 0.209713 0.0584371 0.0132696 0.666535
1 0.550952 0.726076 0.00691003 0.011928 0.665228
1 0.425158 0.72839 0.00873953 0.00914575 0.663922
0 0.446776 0.781648 0.0757561 0.0164056 0.663424
1 0.351172 0.159519 0.00862745 0.0124238 0.661725
1 0.50769 0.694215 0.00841595 0.0127126 0.661399
0 0.407443 0.513152 0.0389432 0.0181993 0.660627
0 0.665652 0.235119 0.0209329 0.0181875 0.659541
0 0.592257 0.407434 0.0148367 0.0120338 0.659219
0 0.755797 0.307354 0.0251534 0.0155925 0.659133
0 0.432399 0.408797 0.0149645 0.0170057 0.658753
0 0.744404 0.545732 0.0595392 0.0141781 0.652213
0 0.578439 0.777285 0.0644276 0.0169855 0.647832
0 0.990732 0.5598 0.013749 0.0149285 0.647336
0 0.813098 0.24051 0.061033 0.0143835 0.64576
0 0.841417 0.273842 0.0675004 0.0131256 0.644632
0 0.362435 0.479053 0.0253925 0.0352774 0.643955
0 0.865993 0.773046 0.0170526 0.0153812 0.642817
0 0.667433 0.664959 0.0377368 0.0417915 0.642711
0 0.461946 0.374441 0.0226725 0.0173043 0.642479
0 0.831388 0.408226 0.037066 0.022211 0.642104
1 0.448303 0.761094 0.012961 0.0125492 0.641077
0 0.767925 0.273909 0.0836142 0.0132522 0.640313
0 0.364145 0.674876 0.0205998 0.0305975 0.6391
0 0.744264 0.64344 0.0199999 0.0154654 0.63692
0 0.642993 0.240329 0.020254 0.0133292 0.632073
0 0.489863 0.273502 0.0232427 0.0349758 0.630615
0 0.586409 0.274182 0.0236437 0.0169229 0.630053
0 0.732361 0.173303 0.0344086 0.0306562 0.628347
0 0.989878 0.203141 0.0154248 0.0140575 0.627183
0 0.505413 0.131179 0.122819 0.0246952 0.626427
0 0.57434 0.514123 0.0227374 0.0298544 0.625925
0 0.418102 0.549116 0.0163255 0.013278 0.625458
0 0.441723 0.68049 0.0555456 0.019031 0.625417
0 0.980513 0.746256 0.0176836 0.0162752 0.62251
0 0.816458 0.742587 0.0863216 0.0149269 0.622374
0 0.42496 0.444173 0.049509 0.0157579 0.622182
1 0.965491 0.526005 0.0104539 0.0137365 0.621905
0 0.672119 0.636221 0.0204756 0.031908 0.620752
0 0.368463 0.780835 0.0250442 0.0173818 0.619992
0 0.584698 0.547817 0.0317059 0.0122529 0.619285
0 0.719347 0.442206 0.0601697 0.0147798 0.618308
0 0.526174 0.581341 0.0622456 0.0150652 0.618028
0 0.43016 0.648144 0.0568393 0.0175844 0.616095
0 0.583863 0.237424 0.0168622 0.0219812 0.614963
0 0.484369 0.36991 0.0245421 0.0340175 0.613015
1 0.55033 0.761766 0.00782433 0.0117245 0.611875
0 0.0739358 0.721768 0.0148773 0.0146396 0.611424
0 0.348169 0.241696 0.0185511 0.0250243 0.608917
0 0.501715 0.475787 0.0611312 0.0217605 0.608813
0 0.67572 0.375241 0.0222274 0.0194849 0.608507
0 0.383345 0.443268 0.0383339 0.0177427 0.606373
0 0.708927 0.207812 0.0805606 0.0151676 0.605595
0 0.465353 0.277114 0.021219 0.0147073 0.605333
0 0.654831 0.135827 0.040773 0.0152991 0.60354
1 0.96054 0.757471 0.011631 0.015421 0.601942
0 0.398043 0.781832 0.0214618 0.0151493 0.601473
0 0.0512941 0.856769 0.015068 0.0148243 0.601275
0 0.702514 0.476127 0.0148253 0.0128074 0.601185
0 0.803118 0.476414 0.0159545 0.0136803 0.601012
0 0.504655 0.243675 0.0615644 0.0166946 0.600713
0 0.636629 0.776048 0.0526788 0.0178756 0.599965
0 0.0523948 0.719549 0.0139233 0.0150274 0.598256
0 0.870475 0.739654 0.0204946 0.0152656 0.597956
0 0.363529 0.412575 0.0208476 0.0182263 0.596104
0 0.390032 0.278686 0.0495425 0.0165736 0.595405
0 0.63405 0.51139 0.0310601 0.012279 0.59305
0 0.617966 0.308473 0.137687 0.0172004 0.592404
0 0.814537 0.64237 0.0251443 0.02544 0.591233
1 0.719453 0.725915 0.00790554 0.011486 0.590473
0 0.615215 0.375298 0.0545999 0.0189867 0.590086
1 0.850893 0.756054 0.0150909 0.0155979 0.586186
1 0.963426 0.258765 0.00828455 0.0144279 0.585829
1 0.679402 0.759684 0.00661344 0.00953827 0.585689
0 0.49256 0.580925 0.0299465 0.015665 0.583643
0 0.478404 0.648345 0.034484 0.017485 0.583356
0 0.0510817 0.822437 0.0152964 0.0146908 0.583049
0 0.459692 0.581818 0.0356253 0.0179144 0.581269
0 0.775473 0.477062 0.037074 0.0146103 0.58051
0 0.715432 0.677382 0.0567807 0.0136324 0.579659
0 0.622442 0.742031 0.0691118 0.0166266 0.57909
0 0.698597 0.206182 0.0918545 0.0176706 0.578977
0 0.0520468 0.753821 0.0141514 0.015762 0.578289
0 0.819573 0.472368 0.0189093 0.0307324 0.575851
0 0.843402 0.368296 0.0350126 0.023856 0.574622
1 0.976373 0.159267 0.00524427 0.0100113 0.574548
0 0.536275 0.61517 0.0292452 0.0219209 0.574036
1 0.637966 0.756275 0.00876825 0.0120397 0.57384
0 0.392192 0.135777 0.0332572 0.0135002 0.570285
0 0.964374 0.676106 0.0297714 0.0129787 0.570151
0 0.0510819 0.238098 0.0158468 0.0212593 0.56937
0 0.601389 0.37186 0.03933 0.0148988 0.568633
0 0.664769 0.273012 0.0133861 0.0161155 0.568577
1 0.380565 0.765518 0.0111127 0.0116034 0.567668
0 0.783257 0.63957 0.0430193 0.0192408 0.56688
0 0.841969 0.7734 0.029001 0.018628 0.565753
1 0.96168 0.290426 0.00976014 0.0139355 0.563177
0 0.382887 0.648547 0.0356981 0.0146434 0.562157
1 0.697761 0.758991 0.0150453 0.0110327 0.561951
0 0.992409 0.645021 0.0123105 0.0121511 0.559994
1 0.404251 0.76542 0.00864503 0.00945819 0.558677
1 0.626924 0.692091 0.0115008 0.0115564 0.558019
0 0.656071 0.540883 0.0180398 0.0207712 0.557373
0 0.609224 0.371664 0.0563407 0.0154382 0.55658
0 0.534566 0.279519 0.0204322 0.0178076 0.555915
1 0.568453 0.72846 0.00839115 0.00923328 0.555111
0 0.350143 0.173464 0.0134012 0.0140647 0.555005
0 0.659159 0.576993 0.0320742 0.0163126 0.554901
1 0.70889 0.694678 0.00972851 0.0100152 0.554064
0 0.36322 0.574535 0.0235673 0.0404005 0.552922
0 0.378719 0.781161 0.0437687 0.0177564 0.552754
0 0.547928 0.777305 0.0239186 0.0172251 0.551647
1 0.804337 0.757561 0.0173217 0.015007 0.550854
0 0.62995 0.611453 0.0214845 0.0122944 0.54829
0 0.521634 0.405953 0.0114549 0.0168358 0.547859
0 0.444803 0.747237 0.0174343 0.012224 0.547091
0 0.784161 0.202231 0.0326945 0.0307023 0.546858
1 0.994753 0.152071 0.00802611 0.0127667 0.54636
0 0.758841 0.21322 0.022496 0.0338578 0.54447
0 0.97463 0.577137 0.0481552 0.0152208 0.54396
0 0.378769 0.714942 0.0489436 0.0125941 0.542555
0 0.77225 0.237746 0.0246235 0.0331903 0.54113
0 0.770668 0.44071 0.0250294 0.0159016 0.540596
0 0.0524938 0.580329 0.0145144 0.0183934 0.537486
0 0.0525078 0.684457 0.013576 0.013365 0.537458
0 0.984297 0.743721 0.0237606 0.0125752 0.536981
0 0.510438 0.376768 0.0294692 0.0253563 0.535682
0 0.386771 0.676105 0.0589622 0.027132 0.535655
0 0.681252 0.705829 0.0194475 0.0152109 0.535207
0 0.0731121 0.926758 0.0171414 0.0148812 0.534762
0 0.072844 0.756314 0.0144866 0.0156151 0.534088
0 0.0741349 0.686636 0.0144917 0.0147258 0.533954
0 0.714009 0.575631 0.0199884 0.023788 0.533441
0 0.539716 0.709874 0.031496 0.0153636 0.532549
1 0.691115 0.727122 0.00659589 0.00985584 0.531611
1 0.775834 0.659505 0.0166575 0.0154061 0.530981
1 0.447605 0.69824 0.00767753 0.0109377 0.530874
0 0.458555 0.441622 0.018526 0.0201515 0.53079
0 0.623829 0.710112 0.0174123 0.0124492 0.530751
0 0.607885 0.476571 0.0372472 0.0207275 0.530454
1 0.524727 0.697314 0.00802833 0.0104604 0.529093
1 0.861888 0.659068 0.00718747 0.0143372 0.528503
1 0.663969 0.758801 0.00856234 0.0121307 0.528202
0 0.665312 0.239139 0.0212487 0.0252948 0.526464
0 0.624693 0.375271 0.0353062 0.0174424 0.525872
0 0.7372 0.471506 0.0506239 0.0264631 0.525005
0 0.713196 0.740828 0.108277 0.0157064 0.521183
0 0.388312 0.680009 0.0564335 0.0199844 0.520144
1 0.964565 0.625208 0.0149536 0.0160142 0.516302
0 0.862011 0.597747 0.0188507 0.0147172 0.516254
0 0.713275 0.274019 0.0174813 0.0113531 0.516216
0 0.59116 0.436318 0.0327682 0.0228544 0.515705
0 0.376806 0.175586 0.0216521 0.0137191 0.512356
0 0.431671 0.409888 0.0193474 0.0168685 0.511432
1 0.410671 0.72711 0.0192086 0.016098 0.508585
0 0.0526901 0.651355 0.0158623 0.0148157 0.508406
0 0.477511 0.437504 0.0199868 0.0275667 0.507595
0 0.546935 0.513619 0.0270342 0.0121147 0.506252
0 0.641393 0.71094 0.0179516 0.0144493 0.502793
0 0.857614 0.509083 0.0363136 0.0184384 0.501642
0 0.786687 0.77551 0.0825392 0.0179094 0.50153
0 0.361444 0.2698 0.0189451 0.0433673 0.500645
0 0.345524 0.648659 0.0144365 0.0129192 0.500023
0 0.466327 0.743969 0.0194018 0.018126 0.499964
1 0.37433 0.733193 0.011891 0.0131373 0.499675
1 0.398795 0.206833 0.0113952 0.0139237 0.496953
0 0.0731314 0.823994 0.0159048 0.0152035 0.496169
0 0.588963 0.47181 0.0184749 0.0307028 0.495042
0 0.360258 0.131674 0.0288047 0.0359762 0.494687
0 0.988945 0.470889 0.0145834 0.0221804 0.494323
0 0.570964 0.475785 0.0191914 0.0191173 0.493829
0 0.365284 0.642683 0.0204755 0.0265411 0.493339
0 0.618329 0.137436 0.0333288 0.0150361 0.49297
0 0.510416 0.615615 0.0194795 0.0129166 0.492073
0 0.749935 0.544508 0.0458782 0.0154105 0.491286
1 0.465601 0.763922 0.00759167 0.0108191 0.490382
0 0.0739113 0.619211 0.0140576 0.0147178 0.490064
