0 0.145553 0.615534 0.0888963 0.0853168 0.92148
0 0.193814 0.233728 0.113604 0.128214 0.895181
0 0.477815 0.670372 0.0160302 0.012094 0.873486
0 0.502552 0.664257 0.0277082 0.0251677 0.809801
0 0.322645 0.668085 0.0506603 0.0146752 0.8007
0 0.220619 0.567181 0.0710033 0.0145056 0.796621
0 0.425655 0.703785 0.0202585 0.0147644 0.788629
0 0.349789 0.770402 0.0172832 0.0161516 0.782945
0 0.576515 0.566164 0.0214756 0.0293535 0.78025
0 0.498883 0.433788 0.0178238 0.0118681 0.771361
0 0.602385 0.205585 0.0286699 0.014344 0.77027
0 0.473016 0.602747 0.0283069 0.0155114 0.769824
0 0.167103 0.129493 0.0493802 0.0160326 0.769524
0 0.262749 0.668913 0.062957 0.0134982 0.769221
0 0.0598228 0.397265 0.0283765 0.0362142 0.768937
0 0.187102 0.770114 0.0327617 0.0123567 0.76508
0 0.619961 0.604314 0.063874 0.0154979 0.761038
0 0.471043 0.566164 0.0352232 0.0159807 0.760646
0 0.0315426 0.641062 0.0548313 0.0149924 0.760566
0 0.529537 0.567132 0.0219115 0.0166374 0.759201
0 0.245708 0.125422 0.0240158 0.0138426 0.758548
0 0.0309064 0.222347 0.0332712 0.018326 0.751419
0 0.586331 0.501527 0.0353521 0.0134933 0.750456
0 0.51993 0.430393 0.0181332 0.0157495 0.745934
0 0.140788 0.529037 0.0469298 0.0151891 0.744809
0 0.284376 0.567544 0.0450255 0.0144056 0.74092
0 0.211809 0.128943 0.0411423 0.0175445 0.737133
0 0.16918 0.545938 0.0179667 0.0443068 0.735724
0 0.523361 0.628723 0.0213825 0.0296904 0.733779
0 0.430246 0.46412 0.044247 0.0135618 0.729939
0 0.398238 0.738924 0.0781294 0.0179173 0.728027
0 0.544411 0.708649 0.0436224 0.0164239 0.727424
0 0.559972 0.133281 0.0570223 0.0139332 0.724744
0 0.355234 0.706143 0.022267 0.0125502 0.723708
0 0.948905 0.830005 0.0140751 0.0192997 0.723192
0 0.466956 0.329713 0.0219017 0.012469 0.722447
0 0.476701 0.432644 0.0136161 0.0111881 0.722298
0 0.448642 0.697432 0.022891 0.0313257 0.721721
1 0.352924 0.181811 0.00884006 0.0134046 0.717072
1 0.193736 0.754582 0.007081 0.0088562 0.715653
0 0.164621 0.166598 0.0344584 0.0128544 0.708865
0 0.318656 0.329085 0.0541041 0.0151664 0.708427
0 0.143445 0.768406 0.0480405 0.019848 0.707684
1 0.33653 0.689249 0.00763337 0.0103832 0.707136
0 0.504199 0.26721 0.0245708 0.0138511 0.706804
0 0.731211 0.133107 0.0543662 0.01302 0.706733
1 0.137882 0.383194 0.00996673 0.0135521 0.705497
0 0.453208 0.738533 0.0314618 0.015735 0.704705
0 0.624313 0.463873 0.0164861 0.0153305 0.703762
1 0.256728 0.719311 0.0184753 0.0158709 0.702335
0 0.240326 0.601962 0.0435171 0.0169027 0.701986
1 0.59091 0.622813 0.00764835 0.0124161 0.698654
0 0.0171253 0.715564 0.0342507 0.013561 0.698645
0 0.0503667 0.462527 0.043516 0.0204073 0.69719
0 0.485622 0.467157 0.0653797 0.0138295 0.696539
0 0.506725 0.739007 0.0690442 0.0168564 0.692902
0 0.570876 0.208381 0.0348446 0.0161897 0.691745
0 0.26034 0.496996 0.0545634 0.0120996 0.691046
1 0.497799 0.382919 0.014533 0.017375 0.682585
0 0.309777 0.771231 0.0546747 0.0137935 0.680156
0 0.62637 0.568051 0.0720098 0.0167454 0.676245
0 0.312992 0.430964 0.0417172 0.0118223 0.676075
0 0.134407 0.336222 0.0454562 0.0682118 0.67588
1 0.124068 0.702479 0.00934517 0.0120214 0.672437
0 0.597365 0.467882 0.0268174 0.0120779 0.672427
0 0.556492 0.431081 0.0186727 0.0144329 0.672377
0 0.522961 0.333317 0.0661602 0.0161267 0.671029
1 0.383323 0.653826 0.0110839 0.011978 0.66886
0 0.590713 0.708576 0.0322072 0.0170522 0.666639
0 0.501979 0.568326 0.0216953 0.0127781 0.666513
0 0.0589025 0.771053 0.0251965 0.0317798 0.666364
0 0.642248 0.707503 0.0209192 0.0122482 0.664895
1 0.0128414 0.660008 0.00914008 0.012673 0.663523
0 0.253193 0.770555 0.0508836 0.0141213 0.662572
0 0.216133 0.770178 0.0193692 0.0117502 0.659392
0 0.384732 0.200405 0.0480852 0.0177404 0.655077
0 0.370607 0.66841 0.0443354 0.0175377 0.651484
0 0.15434 0.70155 0.0529821 0.0135043 0.64882
0 0.212952 0.125833 0.0447948 0.0146557 0.646586
1 0.0231761 0.692842 0.00843891 0.0122572 0.6447
1 0.465098 0.722402 0.0102404 0.0130828 0.642942
1 0.132887 0.719387 0.0193284 0.0168691 0.63968
1 0.569184 0.61978 0.0105741 0.0139153 0.639607
0 0.40816 0.32892 0.100567 0.0184619 0.639029
0 0.0314999 0.785565 0.0286385 0.0221633 0.637488
1 0.0249186 0.659646 0.00821538 0.0118655 0.637454
0 0.157304 0.737396 0.0563479 0.0134777 0.635143
1 0.282941 0.146034 0.0113528 0.012033 0.634916
0 0.383851 0.706105 0.0222783 0.0119172 0.634088
1 0.636531 0.284966 0.00792996 0.0107292 0.633994
0 0.501736 0.638675 0.0150758 0.011544 0.632352
1 0.266169 0.148032 0.00876362 0.0108173 0.632128
0 0.0468301 0.361085 0.03885 0.016064 0.630421
0 0.458127 0.355345 0.0230874 0.0373892 0.629069
0 0.552582 0.639601 0.0439595 0.0162449 0.628675
0 0.520656 0.400896 0.0362534 0.0133422 0.626704
1 0.520627 0.383314 0.00901933 0.0125011 0.626413
0 0.612446 0.774331 0.0584921 0.0248993 0.62502
1 0.336205 0.655317 0.00625625 0.00796161 0.623891
0 0.249005 0.431966 0.0186314 0.012941 0.623425
0 0.432321 0.361763 0.0196935 0.0201665 0.622131
0 0.0175007 0.604647 0.0299404 0.0145184 0.621821
0 0.565742 0.331339 0.0162706 0.0124405 0.621217
1 0.106228 0.498515 0.0177197 0.0299217 0.620235
0 0.191733 0.702904 0.0190663 0.0109185 0.620207
0 0.515459 0.771318 0.0599015 0.0163035 0.619003
0 0.319101 0.635494 0.0606107 0.0149758 0.617536
1 0.00897295 0.693828 0.00888148 0.0119647 0.616346
1 0.206398 0.548174 0.0128691 0.014759 0.614434
0 0.341619 0.16458 0.0198256 0.0215206 0.614316
1 0.294523 0.378193 0.0189944 0.0177338 0.614148
1 0.241282 0.65137 0.0164549 0.0138126 0.613853
0 0.350107 0.602536 0.0633568 0.0205166 0.613425
0 0.140416 0.166426 0.0106138 0.0113321 0.612603
0 0.949245 0.520429 0.0127208 0.0186086 0.612481
0 0.131604 0.129603 0.0154171 0.011738 0.610063
0 0.949016 0.692435 0.0126977 0.0176159 0.60619
1 0.285598 0.54546 0.0153426 0.0128323 0.605852
0 0.601795 0.740786 0.0353976 0.0119509 0.6052
0 0.404983 0.637005 0.0548912 0.0129452 0.603748
1 0.548733 0.218725 0.00799861 0.011654 0.602208
0 0.0585578 0.32638 0.0273572 0.0147039 0.600497
0 0.50176 0.130607 0.0132771 0.013028 0.598605
0 0.608407 0.639512 0.0642609 0.0124489 0.597348
0 0.406879 0.706657 0.0123723 0.0111539 0.592325
1 0.240932 0.756245 0.00951989 0.0108561 0.592272
0 0.193267 0.530726 0.0291379 0.0166483 0.591526
0 0.949349 0.89724 0.0147046 0.0203751 0.58896
1 0.0644548 0.241667 0.00682835 0.0109766 0.588011
1 0.396522 0.58359 0.0140716 0.0153192 0.586136
1 0.310959 0.447005 0.00943806 0.0128473 0.586124
0 0.618149 0.434074 0.0611206 0.0158918 0.585417
0 0.949381 0.554867 0.0127009 0.0190222 0.585003
0 0.228166 0.702734 0.0470551 0.0136425 0.582248
0 0.538004 0.430822 0.0159621 0.0312477 0.580384
0 0.502859 0.770989 0.0868089 0.0170444 0.580254
0 0.459553 0.356368 0.0167439 0.03924 0.577772
0 0.152044 0.430519 0.048275 0.0135695 0.572908
1 0.554256 0.316413 0.0102119 0.0108476 0.571285
0 0.578195 0.739788 0.00988544 0.0117479 0.57116
0 0.454115 0.356544 0.0226593 0.0378762 0.569715
1 0.427348 0.721488 0.0138886 0.0123947 0.568094
1 0.165289 0.383456 0.00843503 0.0118667 0.568049
1 0.462734 0.381175 0.00760305 0.0117173 0.567492
0 0.249691 0.328737 0.0180819 0.0113224 0.566794
0 0.594718 0.708485 0.0481765 0.0156509 0.56678
1 0.616941 0.688044 0.0163587 0.0134941 0.565719
0 0.60768 0.70787 0.0385728 0.0132609 0.564883
0 0.205145 0.667478 0.0437973 0.0124688 0.564383
0 0.373838 0.432171 0.0237689 0.011285 0.563818
0 0.724151 0.709238 0.0593664 0.0131093 0.563736
0 0.51478 0.204788 0.0670716 0.0153663 0.563308
1 0.294531 0.619901 0.0112032 0.012319 0.56269
0 0.304009 0.166826 0.0260865 0.0107086 0.562667
1 0.305131 0.651756 0.00984753 0.013673 0.562643
0 0.181732 0.431896 0.0102611 0.0125919 0.560139
1 0.251588 0.51568 0.00809228 0.010021 0.558593
0 0.930892 0.141422 0.0141344 0.016138 0.557246
0 0.949297 0.657508 0.0126701 0.0181299 0.555388
0 0.365756 0.634954 0.0218896 0.0161859 0.551284
1 0.609034 0.62368 0.00977763 0.0117908 0.551095
1 0.2182 0.685317 0.0128794 0.0106962 0.549971
1 0.504134 0.58357 0.0187112 0.0147015 0.549609
1 0.328276 0.546034 0.0185165 0.0145214 0.548196
1 0.588797 0.688144 0.0173315 0.0132311 0.54757
1 0.124264 0.667286 0.00984526 0.0118071 0.547101
1 0.138228 0.757919 0.00845976 0.00716516 0.546939
0 0.5265 0.266971 0.017042 0.0141623 0.545696
0 0.216771 0.738042 0.0456735 0.0141205 0.545319
0 0.164398 0.66685 0.0166754 0.0102599 0.545262
0 0.61727 0.301137 0.0474013 0.0140488 0.542337
1 0.170088 0.720895 0.00763352 0.00849951 0.541459
0 0.605744 0.334321 0.0578451 0.0157392 0.539705
0 0.34833 0.730586 0.021995 0.0281914 0.53963
0 0.0123589 0.359916 0.0247178 0.0172542 0.538435
1 0.481941 0.380692 0.0113812 0.0133988 0.53831
0 0.0584019 0.196965 0.0209686 0.013329 0.538139
1 0.194176 0.445468 0.0155696 0.0129891 0.53803
0 0.0404775 0.746368 0.0416553 0.0178406 0.53768
0 0.649542 0.467351 0.0305332 0.0142927 0.536026
0 0.37114 0.161663 0.0333161 0.0201292 0.535147
0 0.521555 0.415941 0.0155508 0.0156241 0.535011
1 0.652076 0.668466 0.0219011 0.0183767 0.534386
1 0.4821 0.723784 0.00943344 0.0122913 0.534276
0 0.333421 0.564321 0.011406 0.0148619 0.533649
1 0.354645 0.414791 0.00857968 0.0107294 0.533133
1 0.553114 0.690909 0.00802615 0.00887952 0.532627
1 0.382501 0.313603 0.00811655 0.0115468 0.531642
1 0.449788 0.620904 0.0145077 0.0119146 0.529795
0 0.521609 0.123857 0.0199459 0.028334 0.529481
0 0.948989 0.727814 0.0130947 0.0184622 0.529454
0 0.415354 0.602464 0.0199841 0.0113661 0.528974
1 0.17999 0.381182 0.0137729 0.0146121 0.528813
1 0.380233 0.722685 0.0126592 0.0105618 0.526957
1 0.328333 0.345389 0.0111125 0.0130419 0.525814
0 0.557781 0.73819 0.0249461 0.0140051 0.524662
0 0.92867 0.926026 0.0139727 0.0202908 0.524333
1 0.258539 0.263382 0.00879581 0.0132698 0.523846
1 0.209494 0.652082 0.00784962 0.0102032 0.522264
1 0.449321 0.654191 0.00634925 0.00786591 0.521625
1 0.306492 0.145937 0.0173359 0.014477 0.518626
1 0.748713 0.122693 0.00674672 0.00933757 0.518156
1 0.338687 0.362237 0.010886 0.0150567 0.517215
0 0.150953 0.463076 0.0489987 0.0142826 0.515954
0 0.3539 0.511647 0.0290195 0.0128556 0.51592
1 0.23623 0.685424 0.00673019 0.0103155 0.515655
1 0.537847 0.655097 0.010091 0.0109975 0.513928
0 0.057726 0.566566 0.0337644 0.0135559 0.513484
1 0.0689337 0.307015 0.00684952 0.00964377 0.512527
1 0.162845 0.416647 0.00903766 0.00914612 0.511587
1 0.364629 0.24759 0.00668025 0.00919075 0.509603
1 0.176513 0.448041 0.0105052 0.0124218 0.509212
0 0.949489 0.452998 0.0142377 0.0185566 0.509084
1 0.204839 0.315513 0.0149187 0.0115288 0.508579
0 0.949891 0.418456 0.0131354 0.01828 0.508116
0 0.357571 0.330068 0.0235098 0.0122281 0.507715
0 0.167047 0.497265 0.0198108 0.0102659 0.50654
0 0.370972 0.764071 0.0250235 0.0286564 0.505926
0 0.328802 0.705968 0.0285247 0.0124407 0.505789
1 0.552067 0.654721 0.00972958 0.009841 0.505762
0 0.725332 0.670262 0.0515342 0.0125702 0.505008
0 0.462404 0.161741 0.0297601 0.0241632 0.503213
1 0.203496 0.721526 0.0192369 0.0145406 0.503152
0 0.28863 0.127141 0.063551 0.0132544 0.502985
0 0.334965 0.529416 0.0145837 0.0160267 0.502717
0 0.927661 0.519825 0.0136521 0.0153546 0.502385
0 0.476779 0.298885 0.0163151 0.0118772 0.502159
1 0.209131 0.618581 0.00978391 0.0107853 0.502111
0 0.54017 0.300676 0.0624124 0.0130638 0.502108
0 0.612311 0.501079 0.0151304 0.0115009 0.501107
0 0.251329 0.7382 0.0256897 0.0140278 0.500385
0 0.930292 0.244534 0.0152521 0.015204 0.499955
1 0.505698 0.448293 0.0173174 0.0119486 0.498745
1 0.424267 0.481278 0.00747404 0.00937213 0.498177
1 0.150491 0.384996 0.0069612 0.0102849 0.497498
0 0.949318 0.623082 0.0131792 0.0188768 0.497
1 0.0679042 0.107871 0.00815778 0.0120295 0.496126
0 0.275457 0.329906 0.0281183 0.011492 0.495811
1 0.647876 0.417994 0.00652325 0.00901462 0.494962
0 0.453744 0.670991 0.0240105 0.0116837 0.494492
1 0.522196 0.58375 0.00944839 0.0122877 0.493238
1 0.603516 0.278565 0.00857469 0.010482 0.492872
0 0.95028 0.383874 0.0117249 0.0156317 0.492625
0 0.386522 0.363156 0.0760047 0.0186218 0.491363
1 0.233599 0.513947 0.0128688 0.014469 0.490679
0 0.0470669 0.674038 0.0482018 0.0134714 0.489681
0 0.273029 0.164948 0.0333166 0.0130956 0.48959
0 0.409195 0.166759 0.0360045 0.0114183 0.489575
0 0.277088 0.431256 0.0343433 0.0126055 0.489558
1 0.650685 0.130823 0.00739526 0.0128998 0.48944
0 0.738058 0.0930709 0.0293388 0.0233272 0.488254
1 0.319858 0.220091 0.00983358 0.0100119 0.487682
1 0.282022 0.689381 0.00850399 0.00976392 0.48629
0 0.236111 0.39844 0.0167982 0.0147107 0.484738
1 0.304112 0.545486 0.0139634 0.0112528 0.483882
1 0.247403 0.584597 0.0112088 0.00977173 0.483864
0 0.442062 0.602736 0.0285051 0.0140405 0.483308
1 0.622034 0.622851 0.00844349 0.010889 0.483159
1 0.318225 0.691137 0.0101456 0.0083302 0.482027
1 0.661377 0.34755 0.00689748 0.01009 0.479607
1 0.312624 0.619276 0.0100107 0.0118936 0.479563
0 0.43364 0.567214 0.0445752 0.0132294 0.479278
1 0.606436 0.723796 0.0108358 0.0122112 0.478697
1 0.0365177 0.343719 0.00704545 0.0098678 0.478082
1 0.0664526 0.708451 0.00996833 0.0108522 0.47772
1 0.289436 0.444872 0.0117247 0.014366 0.477677
1 0.58869 0.223318 0.00955874 0.0109522 0.477455
1 0.250315 0.159802 0.00928841 0.0111298 0.476093
1 0.611019 0.65506 0.0159246 0.0116146 0.476065
0 0.949073 0.759581 0.0131755 0.0172283 0.475258
1 0.410498 0.479832 0.0103361 0.0115883 0.474962
1 0.149475 0.448711 0.00739818 0.0102125 0.474768
1 0.479596 0.122519 0.0146946 0.00999667 0.473841
1 0.420155 0.586028 0.011952 0.0138375 0.473531
0 0.929363 0.278424 0.0117938 0.0145241 0.472743
1 0.516495 0.316363 0.011525 0.0074689 0.47267
0 0.172666 0.398797 0.0572314 0.0153235 0.471944
1 0.625283 0.284853 0.00884269 0.0102955 0.471398
1 0.027747 0.553866 0.00670303 0.00762537 0.471254
0 0.566509 0.769494 0.0251432 0.0373121 0.47105
0 0.0403082 0.120885 0.0646943 0.0204802 0.470806
1 0.194876 0.511754 0.0154338 0.0122957 0.470275
0 0.446827 0.695907 0.0177286 0.0272806 0.469598
1 0.135106 0.449148 0.00742649 0.0109722 0.468935
0 0.948987 0.86439 0.0135133 0.0199898 0.468467
1 0.21186 0.592242 0.00798513 0.0115721 0.468162
0 0.0388181 0.674099 0.0658772 0.0153084 0.467565
0 0.950976 0.348627 0.0123154 0.0148836 0.467552
1 0.624482 0.481802 0.0160521 0.0129797 0.467441
1 0.223193 0.311541 0.0138223 0.0127039 0.466825
0 0.347063 0.433835 0.0291705 0.014364 0.466791
1 0.248685 0.617829 0.0106687 0.0106713 0.466221
1 0.15076 0.684582 0.0109386 0.0104809 0.46591
1 0.70827 0.642819 0.0116942 0.0116665 0.464321
0 0.417591 0.773309 0.0585825 0.0172134 0.464174
1 0.15357 0.512933 0.00785061 0.012202 0.463749
1 0.591102 0.484584 0.00681887 0.00944693 0.463581
0 0.167158 0.552908 0.0129297 0.0488063 0.462625
1 0.44835 0.546536 0.0147113 0.0147411 0.46109
1 0.635639 0.622798 0.00829912 0.0106702 0.460226
