1 0.518855 0.1659 0.0142556 0.0228299 0.857988
0 0.492801 0.39216 0.121181 0.034266 0.844815
0 0.834254 0.477189 0.134585 0.0371113 0.842249
0 0.395267 0.561588 0.0640424 0.0321329 0.832493
1 0.761729 0.619393 0.0184887 0.0212559 0.82039
1 0.535642 0.366671 0.0152353 0.0187962 0.816716
1 0.855238 0.688525 0.0159165 0.0178551 0.815713
0 0.41119 0.389122 0.0440156 0.0312607 0.807608
0 0.453026 0.735834 0.129075 0.0348629 0.805839
0 0.639238 0.393502 0.101188 0.0448367 0.805227
1 0.413582 0.355465 0.0422933 0.0347143 0.804394
0 0.548504 0.214718 0.143825 0.0344702 0.797968
1 0.455564 0.359202 0.018986 0.0304681 0.797888
0 0.743875 0.216051 0.150187 0.0353534 0.797375
0 0.378959 0.301161 0.0700367 0.0302045 0.793974
1 0.708577 0.617177 0.0241808 0.0280926 0.786481
0 0.70199 0.738116 0.0794242 0.0279981 0.785646
0 0.675243 0.30405 0.0753675 0.0302542 0.785508
0 0.75288 0.303777 0.0791909 0.0289917 0.784438
0 0.568101 0.474291 0.0708966 0.0288588 0.778188
1 0.479741 0.357981 0.0180678 0.0206351 0.776583
0 0.375683 0.646263 0.0780268 0.032426 0.775491
0 0.798137 0.652875 0.11235 0.0284518 0.77421
0 0.619685 0.738912 0.0538066 0.0388808 0.772345
0 0.547035 0.73715 0.0562346 0.0252016 0.772314
0 0.475384 0.475078 0.102314 0.0300991 0.771827
0 0.364631 0.212631 0.0369549 0.0256963 0.770409
1 0.850617 0.533671 0.0162206 0.0209017 0.77031
0 0.365006 0.391163 0.0499552 0.0309331 0.768323
0 0.711849 0.651742 0.0508513 0.0275099 0.762964
0 0.732671 0.476744 0.054143 0.0277672 0.759789
1 0.779844 0.71207 0.0180275 0.0205916 0.759026
0 0.64941 0.650806 0.0484725 0.0252265 0.755965
0 0.599579 0.302107 0.0713158 0.0313576 0.75321
0 0.51019 0.302641 0.106126 0.0295432 0.747485
0 0.449752 0.561603 0.0467212 0.024291 0.746955
0 0.856839 0.214885 0.0720812 0.0259511 0.742835
0 0.743194 0.564829 0.0337054 0.0245987 0.742667
1 0.4517 0.596911 0.0415696 0.0266699 0.738429
0 0.686951 0.566 0.0454251 0.0289688 0.734949
0 0.840773 0.302299 0.0946742 0.0273868 0.729656
0 0.48805 0.649625 0.0434945 0.0251517 0.72619
1 0.887203 0.623699 0.01023 0.0182537 0.723359
1 0.815405 0.530797 0.0229288 0.028442 0.723005
1 0.63161 0.600126 0.0230097 0.0292385 0.719862
0 0.842259 0.740096 0.0857442 0.0278049 0.714713
0 0.413819 0.213257 0.056945 0.0247436 0.711743
1 0.700212 0.703589 0.0287569 0.0301637 0.709237
1 0.907967 0.539015 0.0105156 0.0302259 0.708444
1 0.491599 0.597769 0.0169061 0.0225023 0.705411
1 0.906102 0.701786 0.00812759 0.0154939 0.705217
1 0.837735 0.1514 0.0166001 0.0278326 0.704006
1 0.863874 0.153775 0.015979 0.0162808 0.703039
1 0.891803 0.433151 0.0188174 0.019125 0.69997
1 0.891124 0.537568 0.0154137 0.0191656 0.697471
1 0.667646 0.684128 0.0174978 0.0199347 0.694299
1 0.355933 0.610497 0.0194286 0.0202934 0.693658
0 0.549421 0.650519 0.077123 0.0286362 0.691961
1 0.6212 0.500083 0.0204027 0.0242621 0.689956
0 0.762369 0.738657 0.033165 0.031838 0.687492
1 0.581069 0.166644 0.0253517 0.0295007 0.679095
1 0.606915 0.181457 0.0180448 0.0166678 0.677556
2 0.622279 0.162753 0.57394 0.0488228 0.676729
1 0.462204 0.153522 0.01265 0.0189197 0.669967
1 0.38803 0.595494 0.0200566 0.0299448 0.66794
1 0.76315 0.523311 0.0580212 0.0441938 0.666245
0 0.749427 0.38834 0.0761384 0.0335741 0.657348
1 0.550636 0.154108 0.0165433 0.0189876 0.656207
1 0.410939 0.60228 0.0257415 0.028765 0.647372
1 0.683296 0.355057 0.0322583 0.026603 0.643322
0 0.81571 0.387124 0.0443732 0.0359508 0.642473
0 0.64571 0.215503 0.0489823 0.0272493 0.636384
1 0.908792 0.424227 0.00847652 0.0164642 0.632158
1 0.672106 0.613536 0.0397608 0.0342337 0.631604
1 0.776703 0.258445 0.0174123 0.0173358 0.630957
1 0.881743 0.696196 0.0158709 0.0163125 0.629901
1 0.506166 0.365817 0.0162199 0.0175681 0.629577
0 0.436268 0.299966 0.0395848 0.026688 0.626487
2 0.622963 0.347412 0.537214 0.0685185 0.624818
0 0.697039 0.406703 0.0400325 0.0358888 0.621825
1 0.791476 0.526677 0.0159053 0.0199436 0.62135
0 0.863623 0.566263 0.0687367 0.0253835 0.612658
0 0.328274 0.374034 0.0301253 0.0878758 0.611792
0 0.325121 0.518024 0.0296787 0.0749471 0.61149
1 0.621095 0.261014 0.0168678 0.0179162 0.609383
1 0.473649 0.431082 0.018952 0.0178669 0.609339
1 0.587332 0.260559 0.0175585 0.0174102 0.606245
0 0.84545 0.565086 0.108655 0.028467 0.604541
1 0.589457 0.499374 0.016113 0.0205748 0.604351
1 0.789 0.154534 0.0172261 0.0186195 0.60206
1 0.83146 0.615751 0.056706 0.0350772 0.599222
1 0.694562 0.259019 0.0173009 0.0183839 0.597347
1 0.494203 0.177407 0.0156961 0.017008 0.5965
0 0.381728 0.445629 0.0852901 0.0743927 0.592928
1 0.895014 0.267953 0.00962221 0.0145573 0.58746
1 0.78354 0.410219 0.0174782 0.0178102 0.583437
0 0.578482 0.563097 0.184449 0.0391954 0.580645
1 0.703976 0.349351 0.0133434 0.0640215 0.579536
0 0.362764 0.73195 0.0530542 0.0352415 0.579209
1 0.474358 0.683589 0.0276047 0.0203772 0.578543
0 0.568508 0.393007 0.0388883 0.0378447 0.572777
1 0.44007 0.709237 0.019046 0.0224637 0.57204
0 0.330345 0.324692 0.0357822 0.105877 0.565663
1 0.663989 0.344007 0.0231409 0.0202601 0.561677
2 0.636696 0.608688 0.493505 0.0559454 0.561305
1 0.563087 0.512337 0.0184193 0.017896 0.556165
0 0.698593 0.505648 0.0630969 0.0336516 0.555095
1 0.467544 0.587261 0.0157314 0.030284 0.552621
1 0.36558 0.339684 0.016654 0.0198332 0.552394
0 0.458021 0.211085 0.0211856 0.0252748 0.548487
1 0.902648 0.167059 0.0154684 0.0226417 0.544711
0 0.864358 0.388649 0.0466159 0.0270953 0.54319
2 0.673738 0.59257 0.452444 0.0350991 0.534468
1 0.394335 0.247583 0.017105 0.0308759 0.533602
1 0.588819 0.602432 0.0228765 0.0347262 0.527528
1 0.444382 0.448183 0.0203404 0.0245482 0.524448
2 0.674142 0.615939 0.443006 0.0477656 0.523046
0 0.451535 0.562334 0.0518534 0.0329218 0.521568
0 0.381765 0.462148 0.0850677 0.0409491 0.520221
1 0.440615 0.258388 0.0222057 0.0188267 0.519921
1 0.743829 0.253075 0.0216186 0.0294039 0.513725
1 0.638221 0.68961 0.0466243 0.0330255 0.511612
2 0.62216 0.263046 0.564792 0.0541955 0.507826
1 0.364304 0.256778 0.0171721 0.01784 0.505472
1 0.415645 0.700193 0.0169823 0.0262381 0.505472
1 0.904057 0.540393 0.0182902 0.032347 0.501952
1 0.753182 0.162281 0.0191401 0.019324 0.501726
2 0.622209 0.69097 0.552926 0.0562947 0.497445
1 0.824389 0.703745 0.0189343 0.0180875 0.49672
2 0.712653 0.683668 0.383302 0.0390912 0.495787
1 0.357958 0.497114 0.0191804 0.0244882 0.495399
1 0.381218 0.500714 0.0185181 0.0187107 0.491295
0 0.320816 0.591106 0.0294148 0.10713 0.490208
1 0.891942 0.156585 0.00919127 0.0221518 0.488648
1 0.334884 0.684529 0.0143819 0.0446394 0.483689
1 0.504075 0.526743 0.0208026 0.0333977 0.477488
2 0.684212 0.689668 0.422056 0.050395 0.468916
1 0.604767 0.334349 0.0132413 0.0193024 0.465676
1 0.913663 0.166205 0.00979716 0.0175459 0.465047
0 0.769234 0.738402 0.0491989 0.0321925 0.464132
0 0.561686 0.563471 0.195959 0.0303484 0.462278
1 0.338467 0.5743 0.0104447 0.0305732 0.458545
1 0.33539 0.67973 0.0130209 0.0342085 0.455221
0 0.639141 0.690258 0.0499938 0.0342364 0.451285
0 0.32719 0.38528 0.0273135 0.0679647 0.448902
1 0.726608 0.16745 0.0200489 0.0171337 0.446876
1 0.643809 0.176672 0.0193771 0.0291751 0.444383
1 0.61273 0.600679 0.0157796 0.0213637 0.440423
2 0.609763 0.353959 0.532737 0.0428007 0.437082
2 0.624922 0.149039 0.559425 0.0388288 0.436534
1 0.341676 0.492239 0.012736 0.0255913 0.433875
1 0.5139 0.426433 0.0433049 0.0209669 0.433259
1 0.848156 0.61548 0.0216527 0.0300835 0.427496
1 0.4507 0.502163 0.0235847 0.0234688 0.421104
1 0.362774 0.190843 0.0221738 0.0208638 0.421053
1 0.508795 0.681064 0.0231463 0.0337839 0.412074
1 0.86666 0.277886 0.0179125 0.0249691 0.408973
1 0.452025 0.453898 0.0214632 0.0228949 0.407817
1 0.603879 0.584025 0.0118241 0.0237811 0.405353
0 0.611292 0.563836 0.09468 0.0299711 0.3903
1 0.864595 0.416355 0.0306519 0.0228469 0.385533
1 0.343729 0.171546 0.0121114 0.0323839 0.385361
2 0.62668 0.186131 0.562418 0.0266026 0.384904
0 0.363241 0.392958 0.0481456 0.0420924 0.383329
0 0.559486 0.68662 0.0742942 0.0436094 0.368957
1 0.529001 0.59666 0.0276829 0.0307215 0.368496
0 0.780406 0.739068 0.0327014 0.0291245 0.365568
1 0.820646 0.276808 0.0433674 0.0320061 0.363134
1 0.882702 0.163823 0.0103928 0.0133434 0.361668
1 0.465543 0.683295 0.023442 0.0200427 0.360999
0 0.348357 0.56206 0.0228894 0.0258593 0.360818
1 0.465383 0.590215 0.0179424 0.0335462 0.358622
2 0.619133 0.179569 0.554624 0.0427759 0.350475
0 0.327616 0.395422 0.0252243 0.0469956 0.347375
2 0.614959 0.176874 0.575754 0.0660886 0.345528
1 0.536902 0.441189 0.0106351 0.0175245 0.344644
0 0.821027 0.276732 0.043135 0.0319121 0.343833
2 0.682736 0.619326 0.435457 0.0329016 0.339029
1 0.533623 0.52033 0.0171496 0.020208 0.333385
1 0.606726 0.59074 0.0163178 0.0388624 0.332697
1 0.72151 0.501944 0.0151273 0.0257688 0.3313
1 0.393573 0.596183 0.0331718 0.0322296 0.3312
1 0.583889 0.338965 0.0183634 0.0259891 0.326558
1 0.344439 0.566165 0.0228639 0.0289718 0.323758
0 0.318794 0.452375 0.049611 0.0718346 0.320588
1 0.560584 0.612275 0.0222409 0.0166007 0.319024
1 0.583892 0.33638 0.0171894 0.0188151 0.317997
1 0.646764 0.177226 0.0193545 0.0322316 0.311919
2 0.712954 0.700302 0.383546 0.0415363 0.311798
1 0.405786 0.495039 0.0393553 0.0340143 0.311427
1 0.692146 0.173147 0.0182101 0.0240841 0.311426
2 0.618245 0.252899 0.556886 0.0486042 0.30976
1 0.815443 0.407204 0.0195309 0.0265249 0.301239
1 0.342897 0.266687 0.0123457 0.0452721 0.290482
1 0.447684 0.496669 0.0235542 0.0223032 0.281681
1 0.714613 0.619015 0.021566 0.0257104 0.275687
1 0.335656 0.142713 0.0170671 0.0476562 0.270622
0 0.323584 0.629869 0.0262646 0.0728833 0.267985
2 0.620144 0.50709 0.581953 0.0552809 0.267273
0 0.501235 0.247014 0.0625369 0.0331636 0.261236
1 0.358193 0.507316 0.0212686 0.0222526 0.256328
1 0.884388 0.163679 0.0157499 0.0170549 0.253607
1 0.405608 0.200432 0.0144211 0.0160053 0.253391
