0 0.427622 0.500324 0.0373426 0.0214182 0.84428
0 0.358486 0.632213 0.0498743 0.0300585 0.809452
0 0.306193 0.634337 0.0594585 0.0213469 0.803386
0 0.4333 0.631325 0.0375268 0.02102 0.801728
0 0.140345 0.747778 0.0485672 0.0269113 0.794037
0 0.13073 0.636265 0.0320103 0.0269913 0.789034
0 0.441066 0.334569 0.0569814 0.0225495 0.780236
0 0.649406 0.742922 0.0961082 0.037685 0.777984
0 0.356375 0.162175 0.0508854 0.0249127 0.777613
0 0.428233 0.544688 0.0323602 0.0197757 0.777373
0 0.354497 0.380881 0.0376585 0.0219793 0.775293
0 0.432957 0.747907 0.0562508 0.0342378 0.774743
0 0.20727 0.420084 0.0287507 0.0202162 0.77141
0 0.435798 0.586852 0.0453063 0.023687 0.768403
0 0.149644 0.548946 0.0724117 0.0258415 0.759317
0 0.488021 0.203846 0.0297057 0.0249676 0.756024
0 0.5894 0.742432 0.0285172 0.0240172 0.754701
0 0.520897 0.226305 0.0725815 0.0232622 0.744981
0 0.144486 0.506192 0.0632694 0.0222231 0.74285
0 0.328466 0.674985 0.026607 0.0240236 0.742802
0 0.475162 0.332414 0.0250305 0.020964 0.740231
0 0.57143 0.376706 0.0369313 0.0247977 0.738907
0 0.502435 0.843881 0.045342 0.0359474 0.736857
0 0.207128 0.50634 0.0258431 0.0222356 0.736465
0 0.339629 0.699547 0.0994446 0.0291498 0.735343
0 0.479198 0.743541 0.0379886 0.0267219 0.733341
0 0.180557 0.440856 0.0273856 0.0231698 0.732862
0 0.169859 0.420487 0.0450663 0.0204015 0.73275
0 0.47624 0.675006 0.081634 0.0226538 0.731632
0 0.537388 0.673644 0.0450148 0.0215185 0.730113
0 0.209278 0.723616 0.0680625 0.0255931 0.729181
0 0.328415 0.461104 0.0740248 0.0239382 0.727062
0 0.287983 0.678466 0.0540102 0.0222659 0.722381
0 0.138626 0.658898 0.0445772 0.0215645 0.720023
0 0.258233 0.632594 0.0368773 0.0252878 0.719958
0 0.442377 0.45895 0.0656378 0.024452 0.719212
0 0.597895 0.159697 0.0822762 0.0232666 0.717202
0 0.356223 0.653767 0.0364673 0.0217277 0.714411
0 0.189693 0.184423 0.044951 0.0235753 0.713564
0 0.151003 0.613431 0.0710551 0.0243469 0.712983
0 0.260421 0.313241 0.0413677 0.0233823 0.71269
0 0.243334 0.208654 0.057074 0.0242945 0.711464
0 0.491174 0.417606 0.0264042 0.0239964 0.710213
0 0.503169 0.586369 0.0480457 0.0212191 0.704434
0 0.518498 0.333833 0.0619074 0.0224511 0.701884
0 0.469231 0.586091 0.0254574 0.0234047 0.701826
0 0.193087 0.311632 0.0381994 0.0235027 0.701244
0 0.477192 0.499129 0.0696234 0.0260643 0.700505
0 0.524548 0.289997 0.0848877 0.0239626 0.699354
0 0.184595 0.680019 0.0837929 0.0252018 0.69698
0 0.34753 0.335435 0.0559343 0.0230546 0.696655
0 0.497028 0.312753 0.0428757 0.0233421 0.695208
0 0.209766 0.745948 0.062542 0.0244421 0.693665
0 0.558419 0.332976 0.02687 0.0224316 0.693339
0 0.539325 0.377215 0.0346472 0.0264437 0.690025
0 0.435017 0.311808 0.0429867 0.0231674 0.686487
0 0.270727 0.524188 0.0965005 0.0272179 0.685026
0 0.436971 0.159547 0.0369626 0.0205915 0.684548
0 0.642896 0.331285 0.0662337 0.0243978 0.684089
0 0.461464 0.544871 0.0391122 0.0211776 0.683089
0 0.158792 0.401597 0.0457375 0.0226656 0.683028
0 0.550899 0.583763 0.0463355 0.022369 0.681931
0 0.424896 0.227904 0.0232759 0.0202247 0.677762
0 0.359585 0.292529 0.0357124 0.0227285 0.67512
0 0.247403 0.656835 0.0523451 0.0258056 0.675057
0 0.149418 0.461065 0.0783522 0.0243952 0.673835
0 0.649426 0.287462 0.0529935 0.0242605 0.672892
0 0.28038 0.590001 0.0407329 0.0269284 0.672655
0 0.209356 0.525947 0.0240838 0.0201005 0.672026
0 0.328174 0.744997 0.106191 0.0253012 0.670643
0 0.324676 0.524416 0.0225287 0.0231007 0.670394
0 0.472564 0.631632 0.045052 0.0230835 0.668914
0 0.224308 0.311523 0.0289976 0.0232073 0.664938
0 0.175146 0.527464 0.0475146 0.0221639 0.664447
0 0.196447 0.205842 0.0451625 0.0203136 0.664062
0 0.24369 0.590598 0.035954 0.0236131 0.661662
0 0.43825 0.848884 0.0868139 0.0652075 0.66042
0 0.518196 0.157905 0.0264515 0.0275002 0.658067
0 0.257953 0.567783 0.0297644 0.0230802 0.65755
0 0.172676 0.267495 0.0231288 0.0235715 0.656201
0 0.445606 0.440587 0.0734113 0.0270799 0.65515
0 0.33047 0.291653 0.026484 0.0192328 0.651888
0 0.58186 0.268255 0.0719886 0.0269099 0.651264
0 0.466993 0.31185 0.0230009 0.0208239 0.650311
0 0.336689 0.357182 0.0594322 0.0231769 0.649957
0 0.311109 0.440011 0.0238992 0.0214251 0.648652
0 0.144725 0.246844 0.0617055 0.0198703 0.646994
0 0.354717 0.522675 0.0439967 0.0235959 0.646129
0 0.180515 0.331567 0.0324137 0.0231863 0.643807
0 0.183787 0.379023 0.0300272 0.025697 0.642829
0 0.47722 0.357312 0.0804511 0.0243679 0.641434
0 0.249627 0.335088 0.106828 0.0256525 0.640973
0 0.258907 0.744343 0.0353566 0.0239819 0.639398
0 0.479254 0.52124 0.058959 0.0240562 0.639333
0 0.602777 0.376255 0.0266845 0.0237231 0.638378
0 0.138651 0.442437 0.0570068 0.0202631 0.638303
0 0.653963 0.15991 0.0294034 0.0233596 0.638087
0 0.617836 0.397564 0.0219526 0.0205493 0.637142
0 0.562391 0.438455 0.0912916 0.0251903 0.636065
0 0.495133 0.543163 0.0296533 0.0235956 0.635136
0 0.255541 0.699754 0.032933 0.0258926 0.632985
0 0.468956 0.69603 0.0251623 0.0234747 0.631854
0 0.43105 0.479929 0.0378205 0.0214912 0.631576
0 0.139134 0.335611 0.0539148 0.0216879 0.631357
0 0.50009 0.566204 0.0400888 0.0271762 0.630432
0 0.360364 0.399304 0.0230495 0.0174499 0.630419
0 0.424826 0.355856 0.0261375 0.0233114 0.628938
0 0.543761 0.696811 0.036683 0.0219893 0.628937
0 0.181869 0.591192 0.0823716 0.0282326 0.624954
0 0.503586 0.697953 0.047771 0.0219952 0.62391
0 0.651682 0.308499 0.0376951 0.0222337 0.619221
0 0.359022 0.569462 0.0311988 0.0189277 0.616025
0 0.537516 0.566092 0.039848 0.0248894 0.615386
0 0.499412 0.438892 0.0354534 0.0225308 0.614736
0 0.315706 0.380498 0.0343797 0.0244721 0.612577
0 0.59687 0.649583 0.0390467 0.0230423 0.611638
0 0.136452 0.227751 0.0508155 0.0200448 0.611115
0 0.558125 0.652647 0.0411059 0.029738 0.610655
0 0.353668 0.588344 0.0338858 0.0227672 0.610329
0 0.251927 0.609828 0.0228767 0.0213478 0.609186
0 0.44495 0.696102 0.0227045 0.0226009 0.608617
0 0.121518 0.52899 0.0254823 0.027693 0.606048
0 0.320175 0.568086 0.0468155 0.0227778 0.604735
0 0.195467 0.482953 0.0351337 0.019104 0.604524
0 0.521061 0.651864 0.028516 0.0285645 0.602835
0 0.612054 0.245958 0.0270846 0.0211032 0.599587
0 0.590097 0.332499 0.0408241 0.023224 0.597578
0 0.365977 0.498935 0.0257683 0.0230789 0.597044
0 0.423212 0.69689 0.0212787 0.0228577 0.595167
0 0.223257 0.610582 0.0367548 0.0243834 0.593175
0 0.245234 0.440236 0.10588 0.0283367 0.59204
0 0.46559 0.181609 0.092078 0.02464 0.588847
0 0.340976 0.3128 0.0391785 0.0244837 0.587729
0 0.129057 0.593472 0.0224454 0.0247091 0.58763
0 0.30186 0.314175 0.0402726 0.0224431 0.586033
0 0.3093 0.334608 0.0234746 0.0214438 0.58512
0 0.447582 0.417851 0.071562 0.0217288 0.584435
0 0.432129 0.719 0.0320105 0.0205206 0.582967
0 0.168379 0.634788 0.0332702 0.0234244 0.5788
0 0.635565 0.418026 0.0605901 0.0236305 0.577768
0 0.57086 0.565361 0.0287321 0.0199279 0.577316
0 0.179593 0.336495 0.0328649 0.0322043 0.577033
0 0.573085 0.545852 0.0250427 0.0205976 0.573897
0 0.249813 0.290363 0.14474 0.0287146 0.57301
0 0.636943 0.182541 0.0686287 0.0225431 0.568429
0 0.650761 0.356218 0.0510071 0.0186384 0.567817
0 0.635594 0.376541 0.0355138 0.0260698 0.565185
0 0.543293 0.159205 0.0284241 0.032311 0.564626
0 0.586417 0.397982 0.0446533 0.0196531 0.564268
0 0.582546 0.520233 0.030163 0.0261323 0.564061
0 0.361378 0.607192 0.0195532 0.0209831 0.5638
0 0.193775 0.400222 0.0293598 0.0210438 0.563299
0 0.150375 0.290895 0.0288418 0.0206998 0.560824
0 0.58432 0.288168 0.0335766 0.0240041 0.559022
0 0.642127 0.628751 0.0454258 0.0241834 0.556217
0 0.31849 0.655448 0.032795 0.0231056 0.555423
0 0.251217 0.377936 0.102358 0.0292205 0.554622
0 0.380837 0.855996 0.0322954 0.0286109 0.554437
0 0.421607 0.680615 0.0310431 0.0161308 0.554239
0 0.344966 0.480295 0.0404012 0.0222303 0.553955
0 0.206731 0.460957 0.0291283 0.0221665 0.551682
0 0.147238 0.483917 0.0704428 0.0276592 0.549434
0 0.234037 0.503527 0.0346696 0.0220972 0.548202
0 0.280042 0.226805 0.0811169 0.0228598 0.546642
0 0.288915 0.205201 0.035371 0.0220295 0.540224
0 0.539882 0.246902 0.0242894 0.0228206 0.53837
0 0.316619 0.546682 0.0279325 0.0214218 0.537808
0 0.34952 0.420105 0.0363899 0.0202799 0.536448
0 0.36107 0.67438 0.0398042 0.0232611 0.535586
0 0.156033 0.313192 0.0356211 0.0267341 0.533745
0 0.14829 0.724717 0.0641747 0.025439 0.532829
0 0.462638 0.22657 0.0467978 0.024986 0.53234
0 0.274115 0.183836 0.0732998 0.0231482 0.531458
0 0.574993 0.180792 0.0477531 0.0253325 0.531284
0 0.470607 0.651359 0.0407388 0.0231758 0.530153
0 0.573487 0.672075 0.0308589 0.0219711 0.528233
0 0.570848 0.71929 0.0656827 0.0284805 0.527796
1 0.121345 0.680597 0.0114118 0.0242773 0.52667
0 0.650231 0.397659 0.0558921 0.0221864 0.526631
0 0.185575 0.703355 0.0242153 0.0228249 0.524645
0 0.425916 0.521694 0.0298142 0.0230829 0.523027
0 0.380401 0.849213 0.03652 0.0363281 0.518998
1 0.118865 0.681635 0.0150202 0.0293398 0.518924
0 0.488945 0.247666 0.0721477 0.0247576 0.516804
0 0.171476 0.746781 0.0205621 0.0228314 0.51571
0 0.217988 0.546765 0.0586335 0.0226713 0.515514
0 0.184275 0.502284 0.0235385 0.0240178 0.515385
0 0.251613 0.723705 0.0154012 0.0175527 0.51527
0 0.225166 0.184884 0.0265701 0.0198538 0.513615
0 0.573348 0.35485 0.0640174 0.0230876 0.51073
0 0.62366 0.266371 0.0159276 0.0184875 0.510704
0 0.50918 0.719289 0.0566125 0.0250755 0.509824
0 0.185208 0.159539 0.0429273 0.0213797 0.50905
0 0.335797 0.610905 0.027075 0.0256773 0.507621
0 0.60016 0.630575 0.0401568 0.0229422 0.507084
0 0.317223 0.58875 0.0375895 0.0250238 0.50643
0 0.551532 0.398489 0.0201484 0.0197719 0.504745
1 0.66913 0.278303 0.0130334 0.012093 0.501347
0 0.127686 0.3564 0.0294652 0.0248676 0.501164
0 0.449862 0.378707 0.0744448 0.0218075 0.500799
0 0.545769 0.498547 0.0688234 0.0215749 0.49828
0 0.464241 0.288833 0.0359458 0.0244753 0.498244
0 0.181512 0.434855 0.0285325 0.0152517 0.495873
0 0.261015 0.500986 0.0236612 0.021606 0.493945
0 0.467089 0.717541 0.0335357 0.0225872 0.493309
0 0.561684 0.607038 0.11691 0.0245177 0.491076
0 0.350226 0.543895 0.0396844 0.0244076 0.490684
0 0.155191 0.357442 0.0270439 0.0259764 0.489404
0 0.574107 0.225386 0.0396718 0.0237399 0.488801
0 0.580468 0.696852 0.0378209 0.0222198 0.487124
0 0.246824 0.678291 0.0372211 0.0226079 0.48591
0 0.288384 0.655559 0.0289051 0.0207784 0.485598
0 0.276287 0.419432 0.114473 0.0264525 0.482706
0 0.630875 0.562644 0.0822611 0.0218051 0.481199
0 0.534979 0.479339 0.0251146 0.0211126 0.480511
0 0.256325 0.546712 0.0262789 0.0225407 0.479384
0 0.652243 0.718338 0.0782579 0.0247947 0.474879
0 0.47198 0.333988 0.0289602 0.024679 0.474037
0 0.142645 0.525673 0.0206368 0.0211895 0.473614
0 0.200659 0.632711 0.0313305 0.0239523 0.470928
0 0.282921 0.699877 0.025281 0.0229385 0.469099
0 0.580496 0.24664 0.0348531 0.0211084 0.468421
0 0.100039 0.381847 0.0304733 0.0544838 0.467829
0 0.146292 0.207521 0.0585495 0.0264218 0.464775
0 0.35043 0.22595 0.0641786 0.0220841 0.464144
0 0.560181 0.629153 0.0386617 0.0244721 0.46258
0 0.39044 0.118655 0.110256 0.0531676 0.461973
0 0.585363 0.309546 0.0934626 0.0240094 0.461109
0 0.53778 0.543441 0.0500286 0.0248238 0.459922
0 0.63372 0.457749 0.0858333 0.0212572 0.459305
0 0.303511 0.720028 0.0831657 0.0274325 0.456929
0 0.655653 0.243816 0.0579377 0.02396 0.456797
0 0.530756 0.48041 0.033624 0.0208801 0.454025
0 0.555897 0.335164 0.0264015 0.0229627 0.452904
0 0.150423 0.268492 0.0264689 0.0198136 0.452524
0 0.520498 0.268602 0.049322 0.0214216 0.451697
0 0.523864 0.183325 0.0375076 0.0226573 0.451346
0 0.0992364 0.423781 0.0224207 0.027681 0.448447
0 0.126536 0.42069 0.0339719 0.0201874 0.447799
0 0.320819 0.269502 0.100969 0.0239816 0.442792
0 0.121083 0.56909 0.0195721 0.0181736 0.441862
0 0.177308 0.354204 0.0265649 0.0193877 0.44186
0 0.167183 0.722461 0.0240527 0.0232872 0.441251
0 0.617438 0.356316 0.0216159 0.0177076 0.440768
0 0.620645 0.439034 0.022694 0.0202055 0.440172
0 0.425453 0.203376 0.0213026 0.0217454 0.439944
0 0.17108 0.65542 0.0223453 0.0219633 0.439582
0 0.424939 0.565229 0.0240224 0.0245985 0.438384
0 0.427696 0.288818 0.0298206 0.0243593 0.436056
0 0.173134 0.289818 0.0241011 0.0202144 0.429341
0 0.530447 0.309323 0.0265281 0.0211469 0.427805
0 0.643655 0.478527 0.0776772 0.0233504 0.426671
0 0.574447 0.457474 0.031966 0.0200594 0.422543
0 0.629265 0.498066 0.101381 0.0247525 0.421637
0 0.463209 0.479433 0.0270945 0.0210657 0.421517
0 0.614786 0.542499 0.0342897 0.022476 0.421493
0 0.123461 0.400041 0.0273757 0.0215622 0.420844
0 0.454703 0.204249 0.0353115 0.0238186 0.420253
0 0.566887 0.478426 0.0399656 0.0235582 0.417509
0 0.530884 0.183206 0.0424263 0.0226372 0.415279
0 0.199756 0.225635 0.0811002 0.0233646 0.415119
0 0.564663 0.204366 0.0802025 0.0251743 0.415033
0 0.547256 0.741962 0.0639783 0.026815 0.414851
0 0.141878 0.379842 0.0581261 0.0253074 0.413893
0 0.432313 0.652669 0.0403278 0.0268321 0.412971
0 0.345909 0.610858 0.0446349 0.0279419 0.411927
0 0.480619 0.159472 0.0537121 0.0203999 0.411772
1 0.388165 0.619628 0.00902448 0.00943411 0.409313
1 0.691031 0.239384 0.0153135 0.0132696 0.40272
0 0.140866 0.704038 0.0413503 0.0278248 0.400634
0 0.460517 0.607594 0.0912606 0.0241259 0.400361
0 0.266254 0.159123 0.127599 0.0285269 0.399576
0 0.677945 0.627378 0.0284935 0.0209627 0.39867
0 0.444178 0.564705 0.0310915 0.0252367 0.398402
0 0.621728 0.185779 0.10562 0.0325214 0.397192
0 0.280448 0.584653 0.039675 0.0201224 0.395911
0 0.122891 0.48411 0.0237281 0.0283533 0.393791
0 0.148061 0.195057 0.0609409 0.0535074 0.392246
0 0.363253 0.183526 0.0269964 0.0180482 0.389952
0 0.514965 0.628993 0.0375399 0.0278138 0.389219
0 0.326219 0.205476 0.0425453 0.0209062 0.388314
0 0.244777 0.586375 0.0363503 0.0230218 0.385625
1 0.684516 0.706657 0.0150045 0.00900878 0.380177
0 0.511329 0.743891 0.0163999 0.019794 0.375367
0 0.250534 0.371488 0.110014 0.0399421 0.373907
0 0.311815 0.587489 0.0263383 0.0236734 0.368991
0 0.294092 0.610594 0.052411 0.0233872 0.368673
0 0.652838 0.263314 0.0457025 0.0242292 0.36682
0 0.639992 0.519387 0.0760149 0.0258736 0.362477
0 0.215844 0.267275 0.0479895 0.0236653 0.362457
0 0.557516 0.728551 0.0829249 0.0483389 0.355171
0 0.328356 0.501752 0.0460711 0.0198105 0.354426
0 0.224887 0.633428 0.0286326 0.0249717 0.353347
0 0.48767 0.458832 0.0231629 0.018871 0.348299
0 0.286647 0.401107 0.13277 0.026572 0.345349
0 0.651287 0.440204 0.0390289 0.0223234 0.344373
0 0.53022 0.395346 0.0232438 0.0140808 0.343156
0 0.557635 0.245471 0.0206182 0.0210305 0.342271
0 0.527703 0.520454 0.0397385 0.0227812 0.342152
0 0.67805 0.542473 0.0239505 0.0201935 0.341346
