2 0.371891 0.267174 0.743782 0.411577 0.957367
2 0.365948 0.367454 0.731101 0.408002 0.879466
2 0.385656 0.195065 0.703299 0.39013 0.872513
0 0.425768 0.704363 0.0218035 0.0160731 0.860149
0 0.175997 0.227293 0.161317 0.12426 0.842697
1 0.336182 0.689574 0.00730018 0.0106729 0.826518
1 0.63651 0.285077 0.00832173 0.0115347 0.810973
0 0.309873 0.772457 0.0563887 0.0166689 0.77564
0 0.349925 0.771796 0.0171043 0.0162382 0.768413
1 0.25688 0.720449 0.0130243 0.0152525 0.766611
0 0.519581 0.431346 0.0198419 0.0163341 0.759239
0 0.519029 0.77291 0.0548747 0.0171115 0.75921
1 0.13823 0.383242 0.0085803 0.0148389 0.758006
1 0.625472 0.285621 0.00862485 0.0113478 0.757105
0 0.478228 0.669447 0.0172773 0.0160067 0.754063
0 0.577142 0.567129 0.0247115 0.0319951 0.752937
0 0.617181 0.775058 0.0706547 0.0255779 0.748333
0 0.149552 0.614655 0.101785 0.0926592 0.743179
1 0.0138936 0.659411 0.00822535 0.0137836 0.740167
0 0.34023 0.167767 0.0234617 0.0294108 0.740069
0 0.262049 0.669734 0.0656213 0.0175708 0.739906
1 0.590307 0.623349 0.00767347 0.0128764 0.73966
1 0.241187 0.757081 0.00788203 0.0114186 0.733334
1 0.603137 0.278749 0.00904687 0.00999768 0.732084
0 0.456049 0.355637 0.0258866 0.0355634 0.727217
0 0.0315358 0.223887 0.0344581 0.0212856 0.725086
1 0.296272 0.619969 0.00835545 0.0133438 0.724612
0 0.586347 0.501625 0.0324729 0.0146788 0.723197
1 0.361843 0.315135 0.00845348 0.00924368 0.722873
0 0.50078 0.568097 0.0170973 0.0119405 0.720393
1 0.193846 0.754916 0.00731059 0.00965631 0.719296
0 0.253206 0.771924 0.0539398 0.0170368 0.71819
0 0.24652 0.601108 0.0575377 0.0207496 0.716001
1 0.617336 0.687679 0.0156086 0.0148093 0.715208
0 0.622955 0.269882 0.0295873 0.0113632 0.713696
0 0.599997 0.708974 0.0572042 0.0185804 0.712456
0 0.543802 0.709144 0.0462427 0.0180693 0.709385
0 0.32232 0.669138 0.0518036 0.0164971 0.708722
1 0.464695 0.722399 0.0101003 0.012592 0.70689
1 0.39802 0.583837 0.0129329 0.0150665 0.706106
1 0.468008 0.477267 0.0164996 0.0166429 0.70297
0 0.521462 0.123498 0.0215396 0.0309873 0.697084
1 0.283857 0.145715 0.00946074 0.0126663 0.696034
1 0.162502 0.415871 0.00938198 0.00924814 0.695366
1 0.553612 0.69085 0.00821087 0.00998975 0.694959
0 0.625226 0.434444 0.0496825 0.0161063 0.694126
1 0.235578 0.686002 0.00796695 0.0110903 0.693801
1 0.277007 0.654525 0.00771882 0.00718018 0.691096
1 0.463521 0.381201 0.0070865 0.0116761 0.689197
1 0.378288 0.545269 0.0109111 0.0136692 0.686899
0 0.0117018 0.360612 0.0234037 0.0184875 0.686019
1 0.209976 0.652778 0.00768023 0.00850336 0.685974
0 0.446742 0.697876 0.020062 0.032402 0.684941
0 0.414362 0.127738 0.0182233 0.0301153 0.684576
1 0.520345 0.383405 0.00919038 0.0124643 0.683492
1 0.318322 0.691397 0.0100544 0.00836285 0.682859
1 0.605476 0.723302 0.0103159 0.0125814 0.68169
0 0.603074 0.20578 0.0295821 0.0156067 0.679654
1 0.621817 0.623109 0.00807038 0.0125208 0.679415
0 0.154209 0.701473 0.0549263 0.0161697 0.679048
1 0.383856 0.653322 0.0104114 0.0142767 0.67833
1 0.124122 0.702476 0.00678431 0.0114101 0.678031
1 0.305708 0.650762 0.00914466 0.0141191 0.67735
0 0.553456 0.638725 0.0466785 0.0175616 0.677249
1 0.328438 0.546775 0.0191795 0.0156628 0.676584
0 0.527706 0.567759 0.0178446 0.0161557 0.676132
0 0.485958 0.468087 0.0663519 0.0186787 0.676009
1 0.498966 0.383009 0.0146923 0.0178929 0.675005
1 0.482948 0.380789 0.0113424 0.0142399 0.674217
1 0.281775 0.689767 0.00841813 0.00984479 0.67367
0 0.472426 0.567441 0.0339297 0.0169752 0.672372
1 0.0102941 0.693586 0.00468639 0.0108009 0.670826
1 0.506379 0.688901 0.00909738 0.0114264 0.669455
1 0.251093 0.160434 0.00863699 0.0121255 0.668622
1 0.318841 0.367381 0.0115271 0.0102983 0.668232
1 0.403317 0.316448 0.0106234 0.00926334 0.667066
0 0.153763 0.737748 0.0695909 0.0165516 0.664455
1 0.589038 0.222482 0.00896958 0.0105145 0.664367
1 0.195207 0.511495 0.0133614 0.0130033 0.664224
1 0.482399 0.722923 0.010352 0.0122272 0.662748
1 0.382541 0.313658 0.0100877 0.0129883 0.661339
1 0.336271 0.655053 0.00622416 0.00872992 0.659539
0 0.468298 0.32968 0.0217888 0.0126716 0.659387
1 0.521211 0.514217 0.0109027 0.015584 0.65886
1 0.240958 0.650565 0.0168078 0.0145242 0.657731
0 0.22084 0.569558 0.0744367 0.0214737 0.656417
1 0.648284 0.417977 0.00628841 0.00875931 0.656388
0 0.0588186 0.198454 0.021102 0.0141466 0.656105
0 0.556153 0.431714 0.0187722 0.0164105 0.655887
0 0.0646602 0.56654 0.0161311 0.0147578 0.655197
0 0.213524 0.130036 0.0418123 0.021859 0.654286
1 0.424637 0.4812 0.00846587 0.0096282 0.653798
1 0.39765 0.620064 0.0131871 0.0130349 0.653787
0 0.504608 0.267166 0.0271365 0.0154851 0.653285
0 0.522909 0.628564 0.019458 0.0306107 0.652673
0 0.569904 0.208757 0.034811 0.017377 0.6512
1 0.206566 0.316007 0.0117404 0.0125479 0.650848
0 0.617961 0.300905 0.0496459 0.0143777 0.650646
1 0.364627 0.247726 0.00594343 0.0102124 0.645734
1 0.37897 0.510768 0.0113662 0.0129565 0.64397
1 0.568469 0.447214 0.0171788 0.0155745 0.642966
1 0.611847 0.654384 0.017254 0.0141012 0.641521
1 0.355494 0.414489 0.00987569 0.01205 0.640742
1 0.590097 0.688152 0.0159565 0.0151494 0.640561
0 0.409678 0.166776 0.0382944 0.0143523 0.639774
0 0.169644 0.531328 0.0170888 0.013427 0.639288
0 0.0579489 0.773521 0.0250651 0.0304133 0.638493
1 0.137838 0.757922 0.00660807 0.00915778 0.636699
0 0.197358 0.771182 0.0591121 0.0159987 0.636613
1 0.554695 0.315843 0.00992894 0.0112236 0.635113
0 0.439011 0.164185 0.0177482 0.014868 0.634827
1 0.177637 0.510217 0.0076662 0.00958997 0.63476
0 0.325286 0.63572 0.051628 0.0160555 0.634675
1 0.930899 0.918174 0.00856948 0.0123723 0.634138
1 0.420873 0.585538 0.00969399 0.0148079 0.633777
1 0.552031 0.654843 0.00884033 0.0107311 0.632491
1 0.0502064 0.304627 0.00815428 0.0133915 0.631302
1 0.761257 0.206543 0.00775263 0.0146553 0.630925
0 0.406843 0.637087 0.0596208 0.0150618 0.629838
1 0.65176 0.380844 0.00666749 0.00962219 0.628801
1 0.45198 0.621137 0.0116533 0.012578 0.628078
1 0.207197 0.720943 0.0120944 0.0136458 0.627203
1 0.0434752 0.585173 0.00933711 0.0119394 0.627135
1 0.623278 0.221624 0.0148935 0.014372 0.625237
0 0.525384 0.333787 0.0830746 0.0186733 0.62463
1 0.548324 0.219033 0.0112808 0.0121113 0.624169
1 0.929033 0.415608 0.0111581 0.012286 0.622576
1 0.266887 0.148178 0.0078359 0.0118202 0.62254
1 0.61003 0.449253 0.011071 0.0127671 0.622361
0 0.13729 0.530737 0.0416896 0.0152723 0.622165
0 0.158038 0.55806 0.0248192 0.0345878 0.621619
1 0.212357 0.591851 0.00813065 0.0130822 0.62149
0 0.305848 0.279758 0.0341725 0.0161039 0.620984
0 0.348763 0.731276 0.0233953 0.0320602 0.620939
1 0.405842 0.412613 0.00785246 0.0130514 0.620387
1 0.1327 0.718752 0.0145272 0.0156141 0.619689
1 0.569346 0.619717 0.0104558 0.0129484 0.619557
0 0.16465 0.130341 0.0481614 0.0175509 0.619131
1 0.390404 0.685881 0.0175057 0.0140699 0.618898
0 0.499061 0.164827 0.10087 0.0302625 0.618824
0 0.47653 0.298919 0.0173583 0.0129499 0.618703
1 0.137091 0.512561 0.0102424 0.0128737 0.617963
0 0.226214 0.429767 0.0282786 0.0184421 0.617506
0 0.335507 0.529221 0.0144103 0.0172972 0.617206
1 0.0669468 0.272127 0.00855908 0.0120664 0.615997
0 0.62369 0.464004 0.0182559 0.0167383 0.615963
1 0.590837 0.484524 0.00762553 0.00970581 0.614935
1 0.647304 0.346878 0.00846236 0.00940662 0.614714
0 0.597721 0.468588 0.02642 0.013347 0.614639
1 0.286581 0.722408 0.0195746 0.0156462 0.613912
1 0.124058 0.666976 0.00721746 0.0109276 0.613115
1 0.0488859 0.343862 0.0100979 0.0131082 0.61294
1 0.310702 0.146686 0.0107277 0.0150065 0.612304
1 0.560664 0.348476 0.00943507 0.0131453 0.611856
1 0.0239732 0.341831 0.00793264 0.0142435 0.610522
1 0.579493 0.118759 0.00833339 0.00981479 0.609989
1 0.0369489 0.302184 0.00818441 0.0145769 0.609807
0 0.414723 0.602664 0.0175581 0.013104 0.609645
1 0.0284455 0.554176 0.00751893 0.00761163 0.608915
0 0.36087 0.602285 0.0461356 0.0186899 0.608695
1 0.635763 0.623393 0.00944968 0.0126259 0.606773
1 0.948965 0.792677 0.0115597 0.0137358 0.605802
1 0.411096 0.689936 0.00646005 0.00970648 0.605146
0 0.307573 0.331228 0.0731791 0.0221864 0.604291
1 0.568499 0.517935 0.00874681 0.00928851 0.603855
1 0.169928 0.722061 0.00737405 0.0111492 0.603239
1 0.748007 0.122664 0.00621015 0.00941804 0.602928
1 0.320633 0.219718 0.00917862 0.0108485 0.602267
1 0.42655 0.511075 0.0115256 0.0125829 0.602186
1 0.449451 0.546684 0.0134364 0.0153157 0.601979
1 0.0513356 0.586004 0.00732037 0.0126837 0.601733
0 0.384958 0.199605 0.0501292 0.019726 0.601575
1 0.134767 0.117563 0.00830551 0.00935087 0.601469
0 0.497943 0.434532 0.0160972 0.0121975 0.600899
1 0.0633176 0.62369 0.00871028 0.0115254 0.600596
1 0.0366397 0.344744 0.00626015 0.0109377 0.600452
0 0.649468 0.467441 0.0325709 0.0154855 0.600346
1 0.0233118 0.692499 0.00695078 0.0115475 0.600229
0 0.183395 0.431847 0.00995725 0.0122285 0.598403
1 0.390944 0.451493 0.00779189 0.0110965 0.597789
0 0.298509 0.601929 0.0369752 0.018586 0.59763
0 0.202519 0.667572 0.0488919 0.0156682 0.596909
1 0.58481 0.51667 0.0123425 0.0111016 0.595973
1 0.339111 0.362366 0.0104684 0.0154089 0.595206
1 0.512995 0.542242 0.0202089 0.023822 0.592985
1 0.395875 0.513278 0.0162289 0.0174662 0.592886
1 0.0354662 0.271497 0.00817734 0.0122611 0.592464
0 0.387518 0.706524 0.0377405 0.0146273 0.592165
0 0.364539 0.161375 0.0201833 0.0198526 0.591984
1 0.519289 0.188454 0.00653321 0.0114461 0.591636
1 0.534766 0.499013 0.0107285 0.0114155 0.590857
1 0.356281 0.547134 0.0226393 0.0156029 0.590229
1 0.0408611 0.659199 0.00556528 0.0114982 0.589252
0 0.361824 0.530658 0.044183 0.0172204 0.588983
1 0.224992 0.412468 0.0108962 0.0132281 0.588121
0 0.311697 0.531206 0.0231709 0.0135277 0.587692
1 0.0644868 0.346219 0.00677388 0.00913037 0.584388
0 0.356514 0.330583 0.0229639 0.0135655 0.583734
1 0.0252909 0.659606 0.00726143 0.0139254 0.582643
0 0.642399 0.70784 0.0219399 0.0137619 0.582102
1 0.64565 0.355328 0.00982154 0.0103542 0.58066
0 0.16359 0.167307 0.0341592 0.013173 0.580539
0 0.172077 0.398733 0.0570226 0.0167903 0.578459
1 0.427827 0.44893 0.0150636 0.0144488 0.578089
0 0.615505 0.500849 0.0233404 0.0134678 0.577973
2 0.370082 0.468493 0.664948 0.422229 0.577848
0 0.503055 0.663864 0.0293342 0.0253182 0.577767
1 0.354009 0.182055 0.00749184 0.0132817 0.577264
1 0.52702 0.450568 0.0111538 0.0126886 0.57716
1 0.340911 0.447556 0.016755 0.013957 0.576949
0 0.0210269 0.569639 0.0242795 0.0126429 0.576948
1 0.565062 0.463981 0.012088 0.015674 0.575871
1 0.20861 0.618742 0.00969425 0.0115369 0.574849
0 0.16668 0.497506 0.0189391 0.0117877 0.574432
1 0.329607 0.345807 0.0133778 0.0142838 0.574403
1 0.383139 0.419003 0.0119961 0.012096 0.574289
0 0.283138 0.235543 0.0518993 0.0184252 0.573483
0 0.520131 0.401057 0.0360359 0.0148191 0.572698
1 0.313304 0.619529 0.00988114 0.0126854 0.571415
1 0.251611 0.515637 0.00709567 0.0099617 0.569407
0 0.161876 0.557792 0.0247902 0.0430906 0.568953
1 0.363173 0.655528 0.007833 0.00945361 0.567907
1 0.547412 0.11935 0.00751168 0.00917373 0.566391
0 0.145143 0.497229 0.0227846 0.0122225 0.565584
1 0.206475 0.550276 0.0106827 0.0166105 0.565042
0 0.0613045 0.463086 0.0249122 0.0239403 0.564899
1 0.224307 0.311576 0.0138231 0.0128654 0.564759
1 0.39613 0.115304 0.00644596 0.00894231 0.564635
1 0.285902 0.545346 0.0125591 0.0126414 0.564555
0 0.44041 0.67124 0.050934 0.0154556 0.564298
0 0.636716 0.36931 0.039241 0.0153091 0.563914
1 0.0150917 0.58855 0.0095009 0.0121708 0.563287
1 0.250052 0.279322 0.00638807 0.00949106 0.563028
1 0.134104 0.154323 0.00940688 0.00959134 0.562659
1 0.153501 0.512565 0.0094529 0.0131156 0.560836
0 0.288374 0.56718 0.0530112 0.0175884 0.560014
0 0.295499 0.398171 0.0311904 0.0185144 0.55995
0 0.625857 0.568764 0.0708022 0.0186462 0.559924
1 0.176473 0.448468 0.0108417 0.0129134 0.559547
0 0.538221 0.425895 0.0180132 0.034675 0.559492
1 0.378914 0.688504 0.0111736 0.013077 0.559253
1 0.0644697 0.242675 0.00686234 0.0121614 0.557583
1 0.609568 0.623175 0.00836003 0.0126815 0.557407
1 0.248712 0.618372 0.010608 0.0118565 0.55718
1 0.218892 0.757819 0.0102213 0.00991461 0.557134
1 0.561749 0.188196 0.00798518 0.0129041 0.556013
1 0.394238 0.480064 0.0230165 0.015642 0.55489
0 0.235735 0.398191 0.0158511 0.014329 0.554514
1 0.0577194 0.183265 0.00947628 0.0111474 0.553396
0 0.0453732 0.362251 0.03706 0.0160295 0.552577
1 0.281785 0.722709 0.0234311 0.0138973 0.551171
0 0.268129 0.497929 0.0705629 0.0168102 0.550904
1 0.621499 0.723965 0.0100497 0.0129267 0.55069
1 0.376537 0.11512 0.00866817 0.00900569 0.550621
0 0.285784 0.705146 0.0402506 0.0154736 0.550196
1 0.346381 0.480052 0.0127748 0.0141895 0.549756
1 0.536738 0.253858 0.00724013 0.00908327 0.549333
1 0.293281 0.37904 0.0186549 0.0173545 0.549165
1 0.291035 0.315439 0.00806183 0.00849432 0.54909
1 0.296334 0.479601 0.0130165 0.0130484 0.548404
1 0.521933 0.584105 0.00993629 0.0124368 0.54555
1 0.511154 0.282941 0.00881945 0.0109823 0.545448
0 0.567225 0.332108 0.0165683 0.0124848 0.545183
1 0.235652 0.586428 0.0069754 0.0119948 0.544624
1 0.355011 0.686483 0.0108415 0.0127216 0.544059
1 0.27265 0.631957 0.015701 0.0170268 0.543878
1 0.541714 0.385252 0.0115006 0.0137942 0.543838
1 0.660985 0.347283 0.00842968 0.00984039 0.5422
1 0.526332 0.283587 0.0100474 0.00979041 0.541989
1 0.20725 0.114006 0.0069839 0.0103643 0.541842
1 0.478264 0.347641 0.00690851 0.00946121 0.541717
1 0.537097 0.514448 0.019513 0.0207154 0.541671
0 0.560566 0.133816 0.0599574 0.0163275 0.541455
0 0.215694 0.737023 0.0482561 0.0162142 0.541201
0 0.501857 0.638213 0.0153625 0.0132593 0.541178
0 0.245483 0.125151 0.0220556 0.014428 0.540457
0 0.227089 0.32934 0.0202132 0.0138769 0.540325
1 0.409199 0.204097 0.0156215 0.0165963 0.538508
0 0.615628 0.604393 0.0727914 0.0208282 0.538429
0 0.485275 0.366256 0.0395569 0.0134524 0.537812
1 0.270069 0.621171 0.00847506 0.00997491 0.537707
1 0.139944 0.479279 0.00944417 0.0160204 0.536832
0 0.949713 0.930535 0.0149149 0.0177874 0.536467
0 0.0519114 0.462452 0.0394989 0.0222521 0.53456
1 0.219285 0.685424 0.0100714 0.0103102 0.533945
0 0.526806 0.267265 0.0175542 0.0150306 0.53392
0 0.114174 0.581176 0.0282005 0.0348407 0.533374
1 0.499319 0.184093 0.0155332 0.0149423 0.532741
1 0.234894 0.321847 0.00886779 0.0108199 0.532587
0 0.372142 0.670338 0.0440601 0.0176422 0.532323
1 0.590539 0.159853 0.0081596 0.0121757 0.532253
0 0.431561 0.367056 0.0260752 0.0307425 0.531193
0 0.42606 0.7738 0.0591858 0.0187474 0.531124
1 0.289754 0.444383 0.0105589 0.013368 0.530749
1 0.135301 0.449176 0.00696912 0.0110619 0.528844
1 0.205223 0.548212 0.0193872 0.0164949 0.528771
1 0.304735 0.757664 0.0097318 0.0124445 0.528089
1 0.297568 0.257775 0.00837196 0.00738709 0.527832
1 0.0266542 0.585607 0.00717248 0.0134674 0.526698
1 0.640397 0.735307 0.016603 0.0210073 0.525424
