0 0.497014 0.21333 0.0230178 0.0325244 0.87648
0 0.835307 0.710129 0.0814123 0.0182782 0.835257
0 0.509028 0.782289 0.0513604 0.015122 0.830685
1 0.822719 0.757155 0.00886378 0.012824 0.823592
0 0.508602 0.547742 0.0251918 0.0326306 0.817629
1 0.435256 0.697535 0.0116298 0.0153583 0.80789
1 0.806279 0.757678 0.0154244 0.0160303 0.803101
0 0.707881 0.547638 0.0182281 0.0209582 0.799444
0 0.601744 0.506175 0.0322099 0.0293114 0.799118
0 0.561009 0.742819 0.0515224 0.0188334 0.798854
0 0.457023 0.506085 0.0203726 0.0463557 0.794177
0 0.765553 0.708487 0.0206803 0.0155943 0.793078
0 0.424038 0.133562 0.0290004 0.0254549 0.790978
0 0.397491 0.745619 0.0842576 0.0185016 0.781904
0 0.574219 0.513511 0.0251237 0.0321188 0.781107
0 0.660443 0.511682 0.0238153 0.0346626 0.776682
0 0.723758 0.470615 0.0243688 0.0296854 0.776402
0 0.739706 0.240076 0.0442428 0.0205073 0.77466
0 0.765277 0.506216 0.0295623 0.0263643 0.774133
0 0.451651 0.477692 0.0294027 0.0179199 0.774089
0 0.766388 0.681699 0.0214202 0.0173132 0.773133
0 0.535624 0.615283 0.031702 0.0238122 0.77305
0 0.971392 0.337624 0.0377424 0.0166332 0.770082
1 0.449171 0.761475 0.011072 0.013381 0.766063
0 0.780916 0.547331 0.0195628 0.031052 0.765719
0 0.362952 0.478429 0.0260682 0.0378972 0.762929
0 0.719796 0.139679 0.0609198 0.0335225 0.761461
0 0.584417 0.70943 0.0602181 0.0190563 0.760579
0 0.61559 0.647391 0.0522808 0.0314617 0.759999
1 0.987896 0.459394 0.00753749 0.0141428 0.757725
0 0.458918 0.243915 0.0237803 0.0345381 0.75726
0 0.49579 0.131892 0.109791 0.0286899 0.756955
0 0.555602 0.136384 0.0222289 0.0296606 0.755913
0 0.643816 0.31064 0.0835111 0.0205372 0.755063
0 0.345193 0.213277 0.0232273 0.0258507 0.754396
1 0.42586 0.763587 0.0085145 0.0127151 0.753565
0 0.868352 0.237209 0.0444155 0.0242231 0.753009
0 0.542402 0.243508 0.0181891 0.0150089 0.751776
1 0.426048 0.727969 0.00836121 0.00949347 0.75095
1 0.351028 0.15993 0.0082295 0.0135514 0.747523
1 0.961656 0.290308 0.00857378 0.0151335 0.747258
1 0.506592 0.764507 0.00771135 0.00980548 0.746294
1 0.964916 0.625548 0.00959197 0.0159898 0.744527
0 0.66943 0.610611 0.0596422 0.0226462 0.742796
0 0.982257 0.271731 0.0326974 0.0186789 0.742495
1 0.663961 0.759289 0.00865017 0.0143372 0.741755
0 0.666214 0.373521 0.0474414 0.0271889 0.740494
0 0.748355 0.373023 0.0474492 0.0153668 0.73858
0 0.446917 0.783111 0.0752515 0.0183646 0.737967
0 0.968887 0.643268 0.0408974 0.0173795 0.734802
0 0.438211 0.514873 0.0223297 0.0300168 0.732896
0 0.382875 0.783122 0.0521465 0.0186881 0.732623
0 0.854082 0.579285 0.0370608 0.0166017 0.729498
1 0.627412 0.692418 0.0119005 0.0148304 0.728676
0 0.402915 0.612834 0.0947526 0.0263462 0.728052
0 0.566888 0.579975 0.0178804 0.0173708 0.727064
0 0.738593 0.607893 0.0199624 0.0173693 0.726155
0 0.963965 0.134653 0.0230855 0.0148876 0.725632
0 0.426992 0.242879 0.0409772 0.0186782 0.724628
0 0.564215 0.238952 0.0248001 0.0239403 0.722862
0 0.344362 0.679639 0.0250303 0.0242054 0.721972
0 0.64318 0.710707 0.0190151 0.0163303 0.721494
0 0.707892 0.507562 0.0705629 0.0270065 0.721305
0 0.659637 0.476485 0.0708187 0.0200827 0.720543
0 0.518072 0.312676 0.073064 0.0216385 0.719056
0 0.474602 0.61402 0.0498009 0.0220737 0.718706
0 0.768896 0.402659 0.0467154 0.0345026 0.717687
1 0.493747 0.763296 0.00936903 0.0134127 0.717521
0 0.714586 0.611413 0.0324955 0.0217457 0.717136
0 0.596402 0.209759 0.0434978 0.0169637 0.71633
0 0.986677 0.131109 0.0256178 0.015443 0.714864
0 0.540463 0.208417 0.0655624 0.0298195 0.713807
1 0.466345 0.763682 0.00792912 0.0115019 0.71351
0 0.390458 0.514051 0.0752197 0.0304542 0.713241
0 0.723295 0.407042 0.0455965 0.0176031 0.712564
0 0.586191 0.610698 0.0684781 0.0208555 0.712339
0 0.350539 0.240294 0.0264884 0.0279628 0.710717
0 0.500472 0.513531 0.0649177 0.0172203 0.710512
0 0.965222 0.70966 0.0371271 0.0148576 0.70987
0 0.705972 0.309158 0.0358854 0.0150795 0.709554
0 0.483165 0.342861 0.0834927 0.0200562 0.709334
0 0.847118 0.67788 0.0746685 0.0213752 0.708786
0 0.562106 0.441463 0.0199229 0.019372 0.708623
0 0.78724 0.776023 0.0835176 0.0203459 0.708109
1 0.989914 0.184949 0.00979483 0.0151304 0.708098
0 0.638261 0.545088 0.0225761 0.0214893 0.708082
0 0.63282 0.209274 0.030002 0.0398272 0.706322
0 0.731952 0.173521 0.0332067 0.0318028 0.703888
0 0.775812 0.476805 0.0385732 0.0174767 0.703263
0 0.696528 0.364182 0.021361 0.0283824 0.701905
1 0.691411 0.727144 0.00596975 0.0104824 0.700387
0 0.81381 0.239894 0.0594634 0.0206695 0.699832
0 0.712224 0.339266 0.018855 0.0137131 0.698352
0 0.570842 0.370496 0.0196129 0.0223095 0.697788
1 0.404362 0.764847 0.00852019 0.0103119 0.697576
0 0.824177 0.172699 0.0771013 0.0182376 0.697393
0 0.801186 0.401982 0.0194687 0.0265762 0.696043
0 0.733456 0.777225 0.0221509 0.0143389 0.695963
0 0.511254 0.438616 0.0892856 0.0306803 0.695259
0 0.573998 0.777986 0.0738558 0.0189565 0.693432
1 0.370172 0.700478 0.0106183 0.0139796 0.690401
0 0.384851 0.244407 0.0446313 0.0173153 0.690304
0 0.78461 0.709956 0.0179407 0.0126088 0.688869
1 0.408303 0.727609 0.0178954 0.0156149 0.688731
1 0.791938 0.760155 0.0088395 0.015062 0.68708
0 0.579964 0.137777 0.0229232 0.0296809 0.687066
0 0.393755 0.133497 0.0349133 0.018839 0.68539
0 0.380376 0.207413 0.0497319 0.0312387 0.6852
1 0.991665 0.759802 0.0106723 0.0164417 0.68436
0 0.984772 0.744446 0.0241134 0.0140369 0.684312
1 0.991978 0.595261 0.00927013 0.016445 0.683852
0 0.850557 0.774138 0.0489361 0.0208104 0.681763
0 0.547332 0.371003 0.0296384 0.0251681 0.681355
0 0.614863 0.544974 0.0247197 0.0199475 0.679234
0 0.458923 0.440826 0.0200355 0.021644 0.67661
0 0.814748 0.642657 0.0256767 0.0279691 0.676359
1 0.709984 0.664098 0.00783449 0.0111368 0.676224
0 0.53024 0.582392 0.0532657 0.0159703 0.675854
0 0.823082 0.308703 0.112647 0.0237195 0.675507
0 0.979863 0.170661 0.0395458 0.0195512 0.67504
0 0.770406 0.580373 0.0192625 0.0235218 0.674764
1 0.965105 0.525845 0.00820504 0.0151423 0.672624
0 0.623896 0.710794 0.0189281 0.0137177 0.671057
0 0.418414 0.548757 0.015798 0.0143084 0.670134
0 0.584618 0.547896 0.0329643 0.015683 0.668839
1 0.551345 0.725856 0.00736075 0.0127769 0.666561
0 0.395444 0.311662 0.0815271 0.0197623 0.666375
0 0.483474 0.369776 0.0227334 0.0338392 0.66509
0 0.492018 0.581592 0.0286611 0.016185 0.663178
1 0.77572 0.659272 0.0162093 0.0177469 0.662455
0 0.548088 0.477743 0.0305904 0.0143958 0.660953
1 0.965243 0.118369 0.00738222 0.0145499 0.660944
1 0.975322 0.116405 0.00696123 0.0119631 0.660506
0 0.665914 0.339154 0.0764046 0.0207941 0.656206
0 0.768678 0.174785 0.0321141 0.0201105 0.654946
0 0.545916 0.406877 0.0330022 0.0184801 0.654824
0 0.577471 0.309368 0.0500775 0.0172888 0.65474
0 0.597096 0.132308 0.0145675 0.040359 0.654388
0 0.621919 0.741513 0.0706214 0.0234189 0.654044
0 0.654421 0.135755 0.0409691 0.0187931 0.653212
0 0.841583 0.27384 0.0657409 0.0146074 0.652917
0 0.60828 0.478092 0.035441 0.0206826 0.652469
0 0.698585 0.170773 0.037558 0.0278333 0.651626
0 0.72295 0.709311 0.0683712 0.0199033 0.649568
0 0.426765 0.175224 0.066228 0.0209565 0.649188
0 0.788908 0.676375 0.0291564 0.0171426 0.648679
0 0.444949 0.747012 0.0196218 0.0140629 0.648363
1 0.965266 0.596693 0.00981523 0.0154247 0.647892
1 0.964543 0.25819 0.00663599 0.0136692 0.6467
0 0.483466 0.711619 0.0524046 0.017875 0.645192
1 0.854138 0.7558 0.0137992 0.0147358 0.643882
0 0.510613 0.615712 0.020324 0.0151306 0.642932
0 0.783835 0.640466 0.0434917 0.0206 0.641951
0 0.71368 0.644128 0.0636078 0.0179171 0.641906
0 0.405041 0.481673 0.0628806 0.0232805 0.640176
0 0.557955 0.637801 0.0250817 0.037268 0.63915
0 0.831663 0.611442 0.0360845 0.0250566 0.637578
0 0.43424 0.277695 0.0401659 0.0188804 0.636495
0 0.608779 0.577278 0.068004 0.027318 0.635749
0 0.611424 0.372527 0.0596851 0.0197038 0.635637
0 0.817517 0.510787 0.0747686 0.016173 0.634988
1 0.977262 0.691431 0.00666936 0.0171495 0.634654
0 0.69222 0.235748 0.0399352 0.0392535 0.63432
0 0.359655 0.13168 0.0252069 0.0370259 0.634211
1 0.994987 0.151758 0.00823473 0.0124692 0.63406
0 0.443859 0.212852 0.0854084 0.0215949 0.633253
0 0.570502 0.343987 0.0938179 0.0250844 0.631979
0 0.702769 0.474387 0.0182861 0.0176452 0.631386
0 0.444465 0.679973 0.063593 0.0211204 0.629105
0 0.497097 0.74518 0.0781505 0.0206214 0.627601
0 0.6821 0.544386 0.0360701 0.0156345 0.627242
1 0.962917 0.697107 0.00784747 0.0111315 0.626752
0 0.721332 0.678389 0.0721527 0.018795 0.624806
0 0.344036 0.647334 0.0193176 0.017639 0.622724
1 0.977205 0.159869 0.00560746 0.0099073 0.620958
0 0.757856 0.208956 0.0215035 0.0240648 0.619359
1 0.961765 0.757854 0.01102 0.0167849 0.619244
0 0.571505 0.475647 0.0211743 0.0240841 0.618959
1 0.959316 0.565065 0.00866051 0.0115118 0.618131
1 0.573471 0.76028 0.0138991 0.0151541 0.617623
1 0.992539 0.690998 0.00877151 0.0176479 0.617485
0 0.532149 0.540275 0.0260822 0.0425317 0.617318
1 0.86223 0.658326 0.0065637 0.0134187 0.615723
0 0.636958 0.777105 0.055075 0.0208176 0.614088
0 0.818567 0.3773 0.0934365 0.0298779 0.614066
0 0.655443 0.171968 0.0329686 0.0179482 0.613607
0 0.819013 0.743256 0.0806132 0.0164604 0.612676
0 0.675409 0.70697 0.0331958 0.0192011 0.612261
1 0.550672 0.761583 0.00860525 0.0127343 0.610975
0 0.664637 0.237075 0.0227917 0.024463 0.610743
0 0.503318 0.24234 0.0643414 0.0245366 0.609402
0 0.581334 0.646957 0.0192749 0.0160328 0.609345
0 0.722796 0.443205 0.0585416 0.014605 0.609158
0 0.959248 0.273255 0.0139666 0.0133603 0.608836
0 0.448348 0.314346 0.0264059 0.0140409 0.606907
1 0.380604 0.765853 0.00952416 0.013567 0.606722
1 0.986955 0.626225 0.0193602 0.0193682 0.605203
0 0.959204 0.741512 0.0267642 0.0149265 0.605087
0 0.74403 0.545911 0.059575 0.0179976 0.604947
0 0.712692 0.575518 0.018324 0.0263947 0.604219
0 0.486517 0.409794 0.0723244 0.0178563 0.603543
0 0.642873 0.240663 0.0193767 0.0155282 0.603457
0 0.462287 0.374694 0.0248312 0.0202613 0.603431
0 0.804324 0.476609 0.0165703 0.0170687 0.602996
1 0.369717 0.766221 0.0131452 0.0146362 0.601799
1 0.447676 0.697615 0.00756416 0.0109568 0.600452
1 0.873116 0.396665 0.0124067 0.0124318 0.600414
0 0.659672 0.576889 0.0340032 0.0199786 0.596485
0 0.774132 0.273972 0.0686236 0.0166142 0.594443
0 0.432325 0.404546 0.0165341 0.0268272 0.593691
0 0.685646 0.236015 0.0274238 0.0391173 0.593475
0 0.368248 0.781751 0.0243258 0.0188795 0.592901
0 0.364625 0.642286 0.0188094 0.0273671 0.591577
0 0.36649 0.674742 0.0255896 0.0338771 0.590629
0 0.693699 0.777493 0.0566981 0.0221484 0.58946
0 0.383007 0.647694 0.0343907 0.0173935 0.588909
0 0.836359 0.342084 0.054709 0.0197968 0.588108
0 0.968729 0.206321 0.0240685 0.0141842 0.585187
0 0.512829 0.375244 0.0373326 0.0330314 0.584968
0 0.629573 0.611691 0.0218163 0.0138979 0.58195
1 0.97911 0.664687 0.00912277 0.0118975 0.579943
1 0.688079 0.660595 0.0188771 0.0238278 0.579082
1 0.698565 0.758619 0.0168864 0.0154976 0.57901
1 0.718934 0.72543 0.00905429 0.0127924 0.578507
0 0.609174 0.676245 0.0484741 0.0210497 0.578208
0 0.846152 0.20895 0.0647218 0.0175628 0.577564
0 0.717023 0.743892 0.112189 0.0199409 0.577388
0 0.610485 0.399957 0.0207214 0.0366462 0.57686
0 0.386448 0.280121 0.0546902 0.0222084 0.576333
0 0.430474 0.6482 0.0576301 0.0205242 0.574587
1 0.469 0.698312 0.00957026 0.0120873 0.574294
0 0.711683 0.20842 0.0702082 0.018213 0.572656
0 0.616283 0.168447 0.0490579 0.0335578 0.571415
1 0.840514 0.757863 0.0130795 0.0121667 0.570908
0 0.817814 0.442362 0.0211331 0.024616 0.570784
2 0.0884231 0.216064 0.0221834 0.00957976 0.569122
0 0.678563 0.43964 0.0247729 0.0202805 0.568799
0 0.499834 0.16935 0.0243896 0.0301569 0.567726
1 0.726144 0.659624 0.0172371 0.0146455 0.566313
0 0.656099 0.54088 0.016632 0.0227379 0.565086
1 0.978878 0.323524 0.00712774 0.0105048 0.563493
1 0.507658 0.693173 0.0101038 0.017767 0.562708
0 0.769784 0.440456 0.0266197 0.0174674 0.558366
0 0.509355 0.744488 0.0525486 0.0184887 0.557414
0 0.521514 0.648679 0.0559341 0.0200629 0.555883
0 0.797018 0.377377 0.0534036 0.0292925 0.554272
0 0.693251 0.578161 0.0181661 0.0163267 0.554061
0 0.34955 0.173244 0.0138886 0.0167014 0.553292
0 0.597753 0.169378 0.014578 0.0312083 0.547046
0 0.383641 0.675832 0.0592813 0.0334012 0.546694
1 0.520814 0.763599 0.00738721 0.0116642 0.544858
1 0.991077 0.52396 0.0131103 0.0156051 0.54342
1 0.448685 0.729512 0.00830723 0.0103102 0.543352
1 0.624466 0.758099 0.00888494 0.0134728 0.541246
0 0.757589 0.609565 0.0178745 0.0288666 0.540051
1 0.972056 0.19413 0.0100524 0.00935655 0.539589
1 0.478995 0.773584 0.00974835 0.0119098 0.538217
0 0.537275 0.174552 0.0489376 0.017861 0.538207
1 0.978699 0.594373 0.00890874 0.0170351 0.534476
0 0.838478 0.70719 0.0793081 0.0198856 0.532788
0 0.585809 0.275047 0.0238148 0.0160185 0.530844
0 0.851549 0.545422 0.0462934 0.0168153 0.529301
1 0.652155 0.757441 0.0155311 0.0152028 0.529196
0 0.745833 0.644334 0.0220515 0.0167692 0.527822
0 0.498386 0.682097 0.0454702 0.0289749 0.527623
0 0.536664 0.709865 0.0372618 0.016816 0.527499
0 0.98198 0.307322 0.0320647 0.0206016 0.527433
0 0.648624 0.675551 0.0214776 0.0192303 0.527278
1 0.391219 0.733754 0.00686494 0.00920459 0.527246
0 0.587619 0.472213 0.0155545 0.0326237 0.526862
0 0.780203 0.201342 0.0243226 0.032493 0.526602
0 0.0514768 0.75417 0.0142364 0.0165127 0.52644
0 0.610252 0.240538 0.0486683 0.0191374 0.525863
1 0.709945 0.72572 0.00743273 0.0121863 0.524316
0 0.618321 0.136787 0.0315256 0.0196628 0.523966
0 0.47549 0.478057 0.0183721 0.0249735 0.523222
0 0.633169 0.511744 0.0303609 0.0157652 0.522701
0 0.771601 0.237757 0.0230595 0.0348413 0.52222
0 0.592702 0.407131 0.0167825 0.0138884 0.521961
0 0.637527 0.273339 0.0792037 0.0202764 0.521685
1 0.745126 0.726914 0.00924203 0.0142658 0.521058
1 0.742343 0.655771 0.0102518 0.0196721 0.520575
0 0.438426 0.545107 0.0225036 0.0251068 0.520218
0 0.968029 0.777431 0.0451572 0.0162945 0.519751
0 0.713736 0.273761 0.0194201 0.0138005 0.518264
1 0.490121 0.538476 0.00939265 0.0132519 0.51789
1 0.418176 0.697315 0.0178854 0.0151647 0.517781
1 0.70881 0.694221 0.00909655 0.0102488 0.517228
0 0.870449 0.740081 0.0218956 0.0169241 0.516405
0 0.73456 0.307723 0.0163162 0.0120248 0.51504
1 0.525742 0.697567 0.00896362 0.0125615 0.513139
0 0.860299 0.509373 0.0322495 0.019499 0.513074
1 0.568865 0.72813 0.00917543 0.00953217 0.510317
0 0.663342 0.638734 0.0357695 0.0369017 0.509364
0 0.635994 0.438208 0.0644301 0.02531 0.506281
0 0.558865 0.549086 0.0209166 0.0221047 0.505462
0 0.0521913 0.5812 0.0148538 0.0192079 0.505084
1 0.839999 0.693414 0.0107235 0.00998969 0.504901
0 0.360595 0.269731 0.0156742 0.0450679 0.504879
0 0.0724675 0.858455 0.0170312 0.014547 0.503965
