1 0.392265 0.841703 0.0105372 0.0136418 0.998377
0 0.537312 0.566159 0.037498 0.0197722 0.997938
0 0.437472 0.741827 0.0401671 0.0203846 0.997742
0 0.301504 0.315378 0.0369545 0.0205322 0.997588
0 0.157828 0.401872 0.0427377 0.0171525 0.997408
0 0.342726 0.31327 0.038928 0.0218927 0.997299
0 0.242243 0.591214 0.0337317 0.0183291 0.997199
1 0.227454 0.634649 0.0166925 0.0164023 0.997088
0 0.366406 0.634091 0.027232 0.0204286 0.996883
0 0.358865 0.291921 0.0317563 0.0191371 0.996392
0 0.353488 0.380053 0.0348503 0.0161756 0.996379
0 0.432286 0.630878 0.0335189 0.0203642 0.996348
0 0.472956 0.63312 0.0414786 0.0198765 0.996112
0 0.42466 0.355817 0.0221728 0.0194907 0.996039
0 0.260361 0.31483 0.0371306 0.0208924 0.995846
0 0.325637 0.206045 0.0399262 0.0173636 0.995814
0 0.652362 0.439828 0.0340304 0.0171049 0.995161
0 0.504844 0.588685 0.0441611 0.0177664 0.995071
0 0.347417 0.227347 0.0567569 0.0195294 0.994989
1 0.123442 0.679372 0.0111084 0.0163065 0.994885
1 0.109393 0.429823 0.0138662 0.0221153 0.994751
0 0.174929 0.528911 0.0433193 0.0188223 0.994601
0 0.136344 0.228555 0.0404911 0.0163081 0.994284
1 0.290148 0.459746 0.0123979 0.0183985 0.994231
1 0.262458 0.503349 0.0196322 0.0194685 0.993665
0 0.559727 0.333596 0.0209984 0.0198961 0.993578
0 0.356717 0.654758 0.0341638 0.0170439 0.993559
0 0.290025 0.205672 0.030521 0.0169011 0.992843
1 0.425895 0.182417 0.0149353 0.0199104 0.992826
0 0.470958 0.653505 0.0367768 0.021588 0.992764
0 0.518943 0.26942 0.0504568 0.0177769 0.992637
0 0.491959 0.41941 0.0242871 0.0214665 0.992569
1 0.412935 0.758284 0.014444 0.0123194 0.992022
0 0.488579 0.20384 0.0294592 0.0211471 0.992004
0 0.560468 0.630379 0.037634 0.020543 0.991157
0 0.436045 0.566562 0.0417497 0.0207543 0.991143
0 0.641103 0.606674 0.0334335 0.017874 0.991143
0 0.569451 0.479632 0.0399502 0.0177521 0.991121
0 0.353128 0.589743 0.0312827 0.0194384 0.991114
1 0.537528 0.158618 0.0156806 0.0243772 0.991059
0 0.184775 0.379777 0.0263328 0.0221214 0.990992
0 0.252957 0.268442 0.0314227 0.0196168 0.990759
0 0.356468 0.163249 0.0463559 0.0228975 0.990727
0 0.24829 0.679124 0.0323188 0.0195856 0.99063
0 0.591329 0.332526 0.0385249 0.0175266 0.990558
0 0.428855 0.500909 0.0304498 0.0174668 0.990405
0 0.570696 0.565114 0.0269241 0.016766 0.990306
0 0.427281 0.227516 0.0219147 0.0204173 0.990042
1 0.363011 0.183722 0.018986 0.0159833 0.989899
1 0.126608 0.311655 0.0168728 0.019367 0.989801
0 0.638783 0.417488 0.0590612 0.0164087 0.989773
1 0.373452 0.830822 0.0195187 0.011739 0.989772
1 0.0939959 0.155083 0.0221737 0.0159723 0.989171
0 0.289234 0.679591 0.050035 0.0167374 0.989165
0 0.347055 0.420425 0.0294179 0.0170211 0.98912
0 0.147007 0.205579 0.0593481 0.0202335 0.988864
0 0.618378 0.204796 0.0218292 0.0165567 0.988838
0 0.649831 0.264675 0.0324717 0.0228085 0.988834
0 0.271548 0.161961 0.119083 0.0202962 0.988747
1 0.560461 0.246316 0.0223759 0.0192611 0.988722
1 0.0897205 0.406117 0.0178444 0.0114195 0.988362
0 0.141157 0.44234 0.0523769 0.0185478 0.988061
0 0.495971 0.544712 0.0312524 0.0201607 0.988022
0 0.582036 0.696755 0.0335606 0.0200756 0.988002
0 0.154438 0.357198 0.0205764 0.0203775 0.98787
0 0.49866 0.439101 0.0329174 0.0187576 0.987869
0 0.610978 0.543816 0.0387248 0.020305 0.987823
0 0.187104 0.184661 0.0497363 0.0226401 0.987342
0 0.563305 0.607996 0.115708 0.0198446 0.987341
0 0.124537 0.400261 0.0232491 0.0192001 0.987256
1 0.126787 0.268116 0.0193176 0.0179736 0.987197
1 0.213472 0.24627 0.019961 0.0188807 0.987081
0 0.651012 0.203997 0.0354271 0.0172952 0.987026
1 0.312111 0.439256 0.0202953 0.0170004 0.986961
0 0.572771 0.719007 0.0630285 0.0194558 0.986874
0 0.245663 0.207125 0.0517942 0.0177873 0.986817
0 0.149929 0.705443 0.0508455 0.0203859 0.986705
0 0.651406 0.542745 0.0292138 0.0192519 0.986555
1 0.552827 0.398193 0.0172189 0.0165403 0.986435
0 0.599335 0.650687 0.0365702 0.0198833 0.986374
1 0.469431 0.567505 0.0191051 0.0180417 0.986212
0 0.612147 0.245746 0.0297952 0.0183541 0.986051
0 0.146577 0.205869 0.0578837 0.0182221 0.985982
0 0.270033 0.481785 0.067151 0.0165191 0.985713
0 0.19549 0.482746 0.034075 0.0179887 0.985699
0 0.258497 0.632706 0.032776 0.018821 0.985658
0 0.195956 0.268237 0.0292035 0.0231322 0.985641
1 0.106206 0.347524 0.0142094 0.0219225 0.98548
0 0.575079 0.225851 0.0343056 0.0182721 0.985329
0 0.176258 0.227261 0.0327521 0.0188832 0.985218
0 0.184946 0.160311 0.0377549 0.0178015 0.985149
0 0.25198 0.656649 0.0443634 0.0182875 0.985022
0 0.198152 0.207708 0.0438592 0.0190203 0.984825
1 0.510861 0.743652 0.0158961 0.0177893 0.98472
0 0.209934 0.526296 0.0188048 0.0178293 0.984712
0 0.358253 0.205563 0.0250217 0.0156497 0.984694
1 0.427038 0.69578 0.0160917 0.0202309 0.984525
0 0.586403 0.28971 0.039185 0.0224032 0.984428
0 0.649215 0.519833 0.0530457 0.0188059 0.984345
1 0.227096 0.522196 0.0146387 0.0176775 0.984339
1 0.124007 0.722889 0.0131391 0.0174154 0.984216
0 0.152492 0.268958 0.0232999 0.0161515 0.984115
0 0.634039 0.652057 0.0351883 0.0223597 0.983929
0 0.220657 0.268997 0.0295748 0.0216434 0.98384
1 0.0894764 0.345363 0.0145489 0.0191082 0.98338
0 0.521772 0.227813 0.069442 0.0172428 0.983166
0 0.669002 0.245 0.0290568 0.0178812 0.983151
0 0.620491 0.543036 0.0219633 0.0188766 0.98309
0 0.430089 0.719662 0.0234121 0.016569 0.983029
0 0.431622 0.632159 0.0321815 0.0180683 0.98267
1 0.143468 0.528535 0.0173733 0.0218946 0.982622
0 0.584064 0.520032 0.0274189 0.0201529 0.982532
0 0.436505 0.588343 0.0415593 0.0172235 0.982434
0 0.558845 0.651661 0.0366562 0.0222178 0.982249
0 0.140716 0.748839 0.0434325 0.0263998 0.982224
0 0.466085 0.718804 0.034541 0.0183614 0.982208
0 0.578821 0.697091 0.0339915 0.0198041 0.98212
0 0.518725 0.33426 0.0543309 0.0192241 0.982119
0 0.336503 0.356676 0.0574465 0.0171021 0.981952
0 0.537284 0.67539 0.0425485 0.0209293 0.981829
1 0.670594 0.284162 0.0143247 0.0207671 0.981816
0 0.329706 0.182987 0.0345712 0.0183726 0.981777
1 0.629701 0.679999 0.0136368 0.0161205 0.9817
0 0.643037 0.631142 0.0437472 0.0184481 0.981426
0 0.589422 0.742642 0.0228855 0.018425 0.98134
0 0.600943 0.632178 0.0372647 0.0189459 0.981118
0 0.201408 0.268245 0.0257472 0.0241484 0.981
0 0.430832 0.480339 0.0343267 0.0181369 0.980986
0 0.150409 0.615205 0.0660282 0.0200544 0.980897
0 0.246316 0.679101 0.0334267 0.0194902 0.98085
0 0.170161 0.420355 0.0459129 0.0159364 0.9808
0 0.257547 0.569117 0.0266651 0.0193186 0.980757
0 0.358762 0.56961 0.0326433 0.0156851 0.980747
0 0.573444 0.546408 0.0262733 0.0212051 0.980522
0 0.660723 0.695182 0.0384401 0.0199689 0.980519
0 0.203166 0.402449 0.0416798 0.0167455 0.980328
0 0.216403 0.546068 0.0518206 0.0209686 0.980268
1 0.445405 0.695803 0.0154865 0.0204238 0.98021
0 0.142178 0.381019 0.0557767 0.0185402 0.980112
0 0.257427 0.70155 0.0326519 0.0204058 0.980018
0 0.526329 0.290507 0.0816233 0.0188891 0.979798
0 0.568834 0.356253 0.0678393 0.0180083 0.979694
0 0.479493 0.744977 0.0354212 0.0199718 0.979574
1 0.659562 0.378434 0.0129072 0.0161147 0.979307
0 0.637863 0.244961 0.0202884 0.0203724 0.979002
0 0.445405 0.695803 0.0154865 0.0204238 0.978872
1 0.1226 0.526614 0.0223104 0.0159354 0.978844
0 0.363902 0.501763 0.0175004 0.0162133 0.978354
0 0.349528 0.544055 0.0361072 0.0236327 0.978245
0 0.184859 0.703055 0.0196992 0.0184804 0.978171
0 0.32992 0.291693 0.0232978 0.016868 0.977979
0 0.307268 0.633609 0.0546464 0.016798 0.977643
0 0.343037 0.70059 0.0920561 0.0242735 0.977619
0 0.489711 0.314109 0.0517624 0.0207277 0.977492
0 0.499202 0.568122 0.0371494 0.0182476 0.977322
0 0.344684 0.481491 0.0328574 0.0182497 0.977315
0 0.446208 0.418605 0.0657052 0.0193315 0.977281
0 0.138721 0.658529 0.041581 0.0172661 0.977136
1 0.0942076 0.169574 0.023934 0.0440793 0.976935
1 0.618378 0.204796 0.0218292 0.0165567 0.976351
0 0.202757 0.656362 0.0375751 0.0188786 0.97627
0 0.549059 0.74295 0.0537007 0.0192362 0.976241
1 0.227053 0.314543 0.0232944 0.0173785 0.976154
1 0.225544 0.185018 0.0252364 0.0162488 0.976149
0 0.688878 0.650595 0.0270945 0.0174301 0.976119
0 0.567124 0.205079 0.0786566 0.0182319 0.976062
1 0.358253 0.205563 0.0250217 0.0156497 0.97578
1 0.127362 0.356505 0.0264167 0.0199759 0.975713
0 0.499306 0.844717 0.0343289 0.0344162 0.975647
0 0.172956 0.268502 0.0208662 0.0189721 0.975632
0 0.58518 0.397743 0.0417905 0.0174966 0.975536
0 0.273399 0.59029 0.0266789 0.0198555 0.975332
0 0.572114 0.377046 0.0346927 0.017731 0.9751
1 0.619797 0.439932 0.0178963 0.015309 0.975083
0 0.446827 0.418259 0.0661426 0.0192394 0.97495
0 0.248838 0.206794 0.0442223 0.0165681 0.974733
0 0.433952 0.653292 0.0339401 0.0208955 0.974661
1 0.22909 0.744997 0.0196103 0.0213537 0.974578
0 0.605257 0.377704 0.0249954 0.0179881 0.9745
1 0.0901555 0.359872 0.0219715 0.0152857 0.974187
1 0.171424 0.656979 0.0201941 0.0198414 0.974163
0 0.42731 0.397346 0.0287935 0.0164871 0.974125
0 0.359168 0.676723 0.0375491 0.0224867 0.973889
0 0.465506 0.291872 0.0256495 0.0165553 0.973696
0 0.345995 0.544608 0.0298195 0.0225653 0.97354
1 0.507444 0.373816 0.0163801 0.0190735 0.973275
0 0.610498 0.69536 0.0229658 0.0204581 0.973266
1 0.613118 0.676561 0.016329 0.0155321 0.97321
0 0.61043 0.518881 0.0276438 0.0211117 0.972988
0 0.677916 0.541911 0.0235723 0.0190988 0.97297
0 0.431508 0.481238 0.0358771 0.0185944 0.972922
1 0.317098 0.482127 0.0221727 0.0173423 0.972757
1 0.67132 0.59411 0.0181686 0.0128645 0.972648
0 0.150609 0.292268 0.0262377 0.0171752 0.972382
0 0.262805 0.37992 0.0690284 0.0146911 0.972276
1 0.25719 0.54697 0.0218664 0.018205 0.972204
1 0.613487 0.672971 0.0145635 0.0180728 0.971813
0 0.484767 0.744018 0.0276349 0.0182043 0.971669
0 0.335463 0.182777 0.0251379 0.0174574 0.971583
1 0.228853 0.494071 0.0169849 0.00746641 0.971463
1 0.0921082 0.318033 0.0146966 0.0123219 0.971099
1 0.670859 0.606273 0.0210883 0.0184359 0.970848
0 0.340698 0.781923 0.0489187 0.01719 0.970729
0 0.14384 0.505276 0.0555333 0.013913 0.970525
1 0.128023 0.594393 0.0155175 0.0218105 0.970431
1 0.491959 0.41941 0.0242871 0.0214665 0.970109
1 0.094401 0.417243 0.0230739 0.0324373 0.970055
0 0.329546 0.677586 0.0247409 0.0184534 0.970024
0 0.464847 0.29007 0.027454 0.0172666 0.969918
1 0.464347 0.480159 0.0207946 0.0181578 0.968982
0 0.510273 0.719028 0.0539909 0.0179588 0.968948
0 0.14398 0.50608 0.0588555 0.0163228 0.968632
0 0.514323 0.48098 0.0639345 0.0191718 0.96827
1 0.527602 0.368961 0.0145155 0.0104873 0.968203
0 0.652348 0.35612 0.0455793 0.0168278 0.967947
0 0.171424 0.656979 0.0201941 0.0198414 0.96766
1 0.328728 0.43975 0.0132527 0.0188982 0.967511
1 0.172687 0.746855 0.0167212 0.0210394 0.966873
0 0.35057 0.419792 0.020212 0.0178343 0.966703
1 0.107852 0.42225 0.015311 0.0334894 0.966585
1 0.154438 0.357198 0.0205764 0.0203775 0.966536
0 0.348502 0.227965 0.0590435 0.0193091 0.966303
0 0.655661 0.308718 0.0233985 0.0206268 0.965883
0 0.669329 0.671745 0.0264549 0.0198034 0.9657
0 0.155712 0.313495 0.0363887 0.0226799 0.965686
0 0.209012 0.378375 0.0245829 0.0258251 0.965611
0 0.428827 0.546082 0.0280774 0.0171032 0.965421
0 0.427038 0.69578 0.0160917 0.0202309 0.965292
0 0.324845 0.268248 0.103642 0.0180327 0.965012
0 0.148555 0.290957 0.0211152 0.0149021 0.964818
0 0.138306 0.334466 0.0461937 0.0192761 0.964778
0 0.521379 0.182912 0.0232112 0.0175849 0.964543
1 0.314507 0.381272 0.0317022 0.017317 0.964463
0 0.511626 0.718894 0.0504213 0.0174248 0.964421
0 0.348923 0.335212 0.0450247 0.0181867 0.964319
1 0.253159 0.61054 0.0193054 0.0165312 0.964261
0 0.49728 0.440346 0.032859 0.01919 0.963993
1 0.123019 0.523564 0.0191787 0.0134019 0.963784
1 0.310706 0.589768 0.0210177 0.0227629 0.963563
0 0.210202 0.42145 0.026649 0.0169979 0.963526
1 0.491982 0.267663 0.0144435 0.0186851 0.963218
0 0.487838 0.520852 0.0374718 0.0193954 0.96282
0 0.536446 0.544792 0.0455431 0.022249 0.962748
0 0.205884 0.461073 0.0247047 0.0195765 0.962303
0 0.279023 0.22853 0.0799781 0.0167392 0.96222
1 0.488981 0.458785 0.0177207 0.0169364 0.962173
0 0.314507 0.381272 0.0317022 0.017317 0.961806
0 0.5627 0.439719 0.0921335 0.0204527 0.961649
0 0.179205 0.333812 0.0270364 0.0214339 0.961292
0 0.3567 0.16229 0.0462365 0.0222646 0.960583
0 0.227454 0.634649 0.0166925 0.0164023 0.960385
1 0.505628 0.458174 0.0172301 0.0184601 0.960366
0 0.516953 0.630936 0.0423891 0.0204016 0.960086
0 0.312111 0.439256 0.0202953 0.0170004 0.959933
0 0.179981 0.44149 0.0250804 0.0214622 0.95983
0 0.201733 0.633721 0.0243928 0.0183236 0.959813
0 0.566907 0.205303 0.078214 0.0173543 0.959341
0 0.454143 0.205702 0.0345482 0.0181923 0.958636
0 0.469431 0.567505 0.0191051 0.0180417 0.958219
1 0.575364 0.672533 0.0247014 0.0205519 0.958125
0 0.248013 0.657102 0.0514006 0.0205766 0.95796
0 0.315757 0.381168 0.0314584 0.0176333 0.957645
0 0.549603 0.742307 0.0538782 0.0202469 0.956671
0 0.174251 0.290925 0.0233172 0.0186212 0.95663
0 0.638824 0.564253 0.0732475 0.0200066 0.956599
0 0.597496 0.650723 0.035953 0.019502 0.95658
0 0.52287 0.652364 0.0303528 0.0285703 0.956415
1 0.0914199 0.246553 0.0150223 0.0127072 0.956126
1 0.344718 0.521657 0.0162575 0.0192865 0.956084
1 0.379754 0.845976 0.0315629 0.014365 0.955672
0 0.272965 0.357694 0.0634319 0.0167308 0.955649
1 0.126716 0.15497 0.0143859 0.0163862 0.955595
0 0.326196 0.525576 0.0233719 0.0183857 0.955311
1 0.637518 0.378105 0.0305196 0.0177548 0.955304
1 0.675137 0.584409 0.0179821 0.0180834 0.955122
1 0.252818 0.723647 0.0161555 0.0146204 0.955095
1 0.0934 0.266711 0.0273482 0.014191 0.954885
0 0.679195 0.740176 0.0252884 0.0242052 0.954467
1 0.324818 0.523427 0.0216651 0.0192019 0.954458
0 0.679024 0.628742 0.0276862 0.0186678 0.954098
0 0.250894 0.247092 0.027291 0.0172713 0.953565
1 0.468903 0.695857 0.021642 0.0194306 0.953556
1 0.518881 0.158026 0.0223364 0.0234657 0.953531
1 0.413104 0.669424 0.0120463 0.0138374 0.9534
0 0.566332 0.182424 0.0643298 0.0193896 0.953276
0 0.309766 0.336794 0.0218039 0.0203562 0.953257
0 0.434814 0.313229 0.0385829 0.0204422 0.952946
1 0.344684 0.481491 0.0328574 0.0182497 0.952611
1 0.246338 0.246207 0.0218129 0.0181934 0.952458
0 0.194557 0.208094 0.0339697 0.0183819 0.952408
1 0.110223 0.206967 0.0149472 0.0186684 0.951759
1 0.106387 0.254063 0.0143017 0.0234398 0.951698
0 0.0892059 0.219811 0.0298609 0.0129286 0.951568
0 0.149523 0.704998 0.0534756 0.0209935 0.950764
1 0.538992 0.247323 0.0187818 0.0201091 0.950535
0 0.286421 0.357608 0.0383002 0.0162717 0.950334
1 0.14031 0.419634 0.0156062 0.0180219 0.949569
0 0.4273 0.521655 0.0291096 0.0184799 0.948412
1 0.573444 0.546408 0.0262733 0.0212051 0.948309
1 0.425229 0.286093 0.0165501 0.0193209 0.947322
