1 0.661118 0.344107 0.0151021 0.0168793 0.999917
1 0.776505 0.258665 0.0161074 0.0161985 0.999815
1 0.524727 0.591956 0.0142838 0.015385 0.999809
1 0.760728 0.617851 0.0181981 0.0150299 0.999761
1 0.493532 0.179055 0.0165026 0.0152392 0.999738
1 0.726515 0.168935 0.0187927 0.0154527 0.99972
1 0.743137 0.253916 0.0176579 0.0270477 0.999717
1 0.693933 0.259096 0.0156891 0.0160941 0.999696
1 0.506052 0.366995 0.0175742 0.0151177 0.999691
1 0.623334 0.329244 0.0160711 0.0205728 0.999683
1 0.862402 0.154539 0.0149509 0.014328 0.999671
1 0.626623 0.591437 0.0144822 0.0115925 0.999652
1 0.393498 0.241067 0.0160152 0.0141689 0.99965
1 0.7799 0.710954 0.0146416 0.0156977 0.999587
1 0.642142 0.171051 0.0161984 0.0152639 0.999562
1 0.606277 0.181794 0.0167699 0.0154088 0.999548
1 0.440258 0.258216 0.017629 0.0173149 0.999525
1 0.693741 0.698617 0.0161044 0.0178433 0.999524
1 0.894938 0.269582 0.0105809 0.0192638 0.999522
1 0.872253 0.417221 0.0151749 0.015303 0.999461
1 0.810942 0.524962 0.0114936 0.0162159 0.999444
1 0.692123 0.169217 0.016373 0.0152609 0.999429
1 0.587499 0.259951 0.0154966 0.0140979 0.999404
1 0.480316 0.358706 0.0148551 0.0195947 0.999375
1 0.880425 0.695519 0.015779 0.0153677 0.999348
1 0.604434 0.333282 0.0141996 0.0171507 0.999343
1 0.478784 0.682646 0.0145802 0.0155047 0.999334
1 0.364239 0.256286 0.0160226 0.015417 0.999329
1 0.626403 0.417017 0.0128624 0.0140241 0.999285
1 0.44197 0.490013 0.0143466 0.0144401 0.999241
1 0.523827 0.251561 0.0183981 0.0189977 0.999239
1 0.824541 0.704607 0.0177668 0.0155475 0.999171
1 0.61215 0.605378 0.0129473 0.0144385 0.999168
1 0.452735 0.50299 0.0171328 0.0157292 0.999163
1 0.620893 0.49615 0.0194682 0.0176251 0.999161
1 0.744489 0.506623 0.0152262 0.013352 0.99916
0 0.743054 0.215732 0.14729 0.0300383 0.999133
1 0.640507 0.333178 0.0157755 0.0151067 0.999127
1 0.582252 0.33444 0.0161288 0.0152492 0.999119
1 0.581099 0.433503 0.0165878 0.0166928 0.999044
1 0.788445 0.154596 0.0167885 0.0138153 0.999022
1 0.659575 0.260115 0.0178565 0.0148392 0.999022
1 0.668952 0.684002 0.0163353 0.0169486 0.999009
1 0.857516 0.426958 0.0148395 0.0140125 0.998999
1 0.783733 0.409274 0.0179472 0.0158371 0.998931
1 0.810767 0.26939 0.0188042 0.0148776 0.998917
1 0.740521 0.417366 0.0174654 0.0143039 0.998902
1 0.620659 0.260353 0.0157516 0.014712 0.998885
1 0.461857 0.152736 0.0113675 0.0148843 0.998862
1 0.492327 0.595962 0.016869 0.0147514 0.998849
1 0.415273 0.705931 0.0157119 0.0213028 0.998809
1 0.502857 0.520023 0.0170146 0.0155611 0.998809
1 0.678477 0.347542 0.012692 0.014826 0.998783
1 0.480591 0.247762 0.0141324 0.0272971 0.998772
1 0.909893 0.5332 0.0104866 0.0212679 0.998733
1 0.56453 0.682126 0.0160383 0.0228777 0.998651
1 0.385669 0.594821 0.0178629 0.0276434 0.998648
1 0.441329 0.444485 0.011679 0.015945 0.998573
1 0.743639 0.244558 0.012857 0.0128443 0.998562
1 0.373683 0.722841 0.018029 0.0193083 0.998561
1 0.676634 0.511361 0.0166372 0.0179664 0.998532
1 0.461726 0.682904 0.013766 0.0154889 0.998505
1 0.906856 0.703533 0.0103483 0.017529 0.998447
1 0.473695 0.431514 0.0184555 0.0159462 0.998436
1 0.587592 0.497281 0.0159784 0.0160379 0.998406
1 0.909318 0.424518 0.00983427 0.0181688 0.998264
1 0.72816 0.403773 0.0141413 0.016346 0.998261
1 0.610514 0.70277 0.0169019 0.0163944 0.99822
1 0.542546 0.679284 0.034711 0.0205531 0.998219
1 0.518546 0.164745 0.0163952 0.018234 0.998216
1 0.562973 0.514908 0.017644 0.0199209 0.998185
1 0.854612 0.689273 0.018442 0.0180695 0.998161
1 0.587154 0.169624 0.013414 0.0134412 0.998091
1 0.752803 0.160805 0.0189026 0.0159605 0.998076
1 0.575548 0.158389 0.0145969 0.0147148 0.99807
1 0.401824 0.34888 0.0169555 0.0177125 0.99796
1 0.481221 0.255987 0.0152731 0.0162721 0.997955
1 0.406118 0.606378 0.0129757 0.024387 0.997929
1 0.362588 0.190187 0.0203113 0.0168396 0.997867
1 0.890165 0.536547 0.0142291 0.0189047 0.997852
1 0.677275 0.512572 0.0187027 0.0198542 0.997811
1 0.393439 0.257765 0.017615 0.0144463 0.997756
1 0.535443 0.365376 0.0170001 0.0150529 0.997723
1 0.890225 0.433171 0.0171895 0.0178631 0.997707
1 0.603518 0.583173 0.0150669 0.0184256 0.997672
1 0.51477 0.407521 0.0152744 0.0179041 0.997635
1 0.468259 0.591522 0.0168772 0.0249852 0.997373
1 0.343731 0.255273 0.0119478 0.0168038 0.997361
0 0.832695 0.477113 0.132479 0.0320783 0.997312
1 0.693046 0.703186 0.0149096 0.0224129 0.997274
1 0.448509 0.597129 0.0276133 0.0249699 0.997261
1 0.452999 0.455972 0.018351 0.0154983 0.99719
1 0.523736 0.250205 0.0174019 0.0193055 0.997135
1 0.56338 0.511472 0.01505 0.0149631 0.996999
1 0.890391 0.539005 0.0149643 0.017728 0.996912
1 0.35481 0.609239 0.0201232 0.0152227 0.99689
1 0.438688 0.708576 0.0181534 0.0167907 0.996841
1 0.850544 0.532307 0.0183416 0.0171278 0.996791
1 0.819733 0.408929 0.0132029 0.015294 0.996746
1 0.849327 0.531404 0.0168568 0.0169903 0.996698
1 0.82842 0.281803 0.0231799 0.0194248 0.996595
1 0.364992 0.339609 0.0158239 0.0171839 0.996535
1 0.703781 0.617534 0.0174703 0.0267397 0.996526
1 0.670088 0.609657 0.0346743 0.0231543 0.996507
1 0.886331 0.623857 0.0144968 0.0220312 0.996476
1 0.774213 0.532902 0.0266131 0.0227589 0.996434
1 0.720258 0.498657 0.0149846 0.0199503 0.996249
1 0.533898 0.519471 0.0174357 0.0136931 0.996196
1 0.524404 0.426336 0.0182881 0.0178069 0.996127
1 0.842943 0.616408 0.0276343 0.0299622 0.996123
1 0.559141 0.613999 0.018205 0.0142088 0.996067
1 0.584582 0.334194 0.0175628 0.0158688 0.99604
1 0.461798 0.702219 0.0156264 0.0159608 0.995955
1 0.405518 0.199479 0.0140926 0.0176416 0.995926
1 0.810957 0.529063 0.0140281 0.0237688 0.995899
1 0.704233 0.611246 0.0136274 0.0144346 0.995862
1 0.700692 0.413085 0.0327609 0.022203 0.995834
1 0.71919 0.505526 0.0190266 0.033697 0.995739
1 0.588119 0.596812 0.015814 0.0223875 0.995694
0 0.686356 0.565239 0.0422251 0.02778 0.995601
1 0.711737 0.406416 0.0117851 0.0186693 0.995553
1 0.336627 0.671933 0.0130236 0.0169865 0.995536
1 0.864755 0.274754 0.0144275 0.0176186 0.995448
1 0.752699 0.163302 0.0193716 0.0198042 0.995249
0 0.43573 0.299914 0.0389517 0.0279033 0.995193
1 0.691761 0.500166 0.0203227 0.0228403 0.995068
0 0.810026 0.56426 0.0340559 0.0258013 0.995047
1 0.414955 0.699984 0.0157995 0.0254351 0.99502
1 0.634553 0.606254 0.0162341 0.013756 0.994925
1 0.555654 0.409401 0.0149975 0.0172393 0.994908
1 0.45513 0.360678 0.0181417 0.0284943 0.994893
0 0.571229 0.389598 0.0372129 0.0284645 0.994761
1 0.836048 0.145678 0.0174118 0.0163417 0.994709
1 0.550752 0.155261 0.0189151 0.0154308 0.994586
1 0.472695 0.168902 0.0169167 0.0146544 0.994525
1 0.745852 0.518752 0.0218999 0.0196115 0.994323
1 0.419471 0.610086 0.0131515 0.0157075 0.994115
1 0.706608 0.710279 0.0155406 0.0147721 0.9941
0 0.743299 0.564512 0.0329325 0.0242703 0.994074
1 0.718408 0.623198 0.0156479 0.0146517 0.993897
1 0.756229 0.520632 0.0213647 0.0171389 0.9938
1 0.501639 0.426877 0.0173599 0.0163651 0.993797
1 0.83156 0.615237 0.0491102 0.0325173 0.993792
1 0.362015 0.188171 0.0197263 0.0189631 0.993766
1 0.532624 0.519411 0.0172385 0.0148884 0.99361
1 0.336216 0.678714 0.0144638 0.0282209 0.993457
1 0.652247 0.62152 0.0218244 0.0161553 0.993443
1 0.694975 0.502671 0.026088 0.0269747 0.993443
1 0.404567 0.59835 0.0123008 0.013498 0.993385
1 0.864727 0.277848 0.0156443 0.0202598 0.993315
1 0.509833 0.682009 0.0145665 0.0314861 0.993295
1 0.588008 0.50296 0.0185524 0.018486 0.993102
1 0.792546 0.528522 0.0133261 0.020197 0.993096
1 0.539577 0.603885 0.0284318 0.0154015 0.993003
1 0.587582 0.603493 0.0172445 0.0175568 0.992952
0 0.712409 0.650927 0.0487979 0.0264437 0.99275
1 0.672812 0.614151 0.0370059 0.0308075 0.992338
0 0.645266 0.214152 0.0496168 0.0257953 0.991871
1 0.678932 0.356645 0.0141868 0.0178933 0.99185
1 0.818796 0.416547 0.0200175 0.0178502 0.991732
1 0.819804 0.536449 0.013302 0.0148303 0.991666
1 0.573505 0.408956 0.01816 0.0160325 0.9916
1 0.688756 0.360175 0.0170187 0.0141487 0.991372
1 0.858337 0.406877 0.0144005 0.0141491 0.991219
1 0.453951 0.601237 0.0186443 0.0180277 0.991146
0 0.487618 0.649429 0.0408982 0.0267151 0.990887
1 0.620641 0.505819 0.0194361 0.0146862 0.990777
1 0.886776 0.625696 0.0146746 0.0201991 0.990727
1 0.425286 0.364182 0.0172159 0.0167152 0.990679
1 0.327285 0.343875 0.0135434 0.0200606 0.990564
1 0.649171 0.621786 0.0183744 0.0157898 0.990504
1 0.792121 0.524972 0.012612 0.0190738 0.990175
1 0.518847 0.163009 0.0155706 0.0167358 0.989943
1 0.66497 0.607061 0.0226891 0.0179469 0.98985
1 0.703248 0.356189 0.015359 0.0257816 0.989838
1 0.548936 0.154248 0.0168612 0.0151899 0.989685
1 0.680545 0.227517 0.0189974 0.0108867 0.989656
1 0.857696 0.419873 0.0171804 0.0235815 0.989655
1 0.342743 0.329841 0.0114782 0.0201472 0.989569
1 0.705789 0.343841 0.0103292 0.0135054 0.989523
1 0.815543 0.409219 0.0177363 0.0153645 0.989478
1 0.630499 0.685351 0.0269195 0.0208718 0.989474
1 0.343031 0.181085 0.0138592 0.0154035 0.98942
1 0.365011 0.336968 0.0155433 0.0153047 0.989196
1 0.708752 0.332098 0.0105068 0.0231416 0.989191
1 0.510559 0.674667 0.0133146 0.0168038 0.988929
1 0.380376 0.499232 0.0160397 0.0157236 0.988815
1 0.603424 0.418716 0.0182304 0.0124811 0.988802
1 0.906621 0.168605 0.0181589 0.0207326 0.988747
1 0.411975 0.502228 0.0187791 0.0150581 0.988446
1 0.651856 0.69418 0.0230916 0.0154993 0.988184
0 0.414115 0.213285 0.0571776 0.0250623 0.988151
1 0.405711 0.494264 0.0338966 0.0310711 0.987634
1 0.78382 0.414795 0.0186408 0.0181818 0.987602
1 0.854954 0.687746 0.0164993 0.0174307 0.987268
0 0.458675 0.211978 0.025135 0.0280104 0.987154
1 0.450511 0.597827 0.0245891 0.0228294 0.987087
1 0.823283 0.610312 0.0323759 0.0213627 0.987064
1 0.357862 0.492824 0.0159432 0.0161843 0.986766
1 0.36696 0.340439 0.0219372 0.0189999 0.986522
1 0.68086 0.218499 0.0204166 0.026187 0.986209
1 0.611577 0.431141 0.0364995 0.01922 0.985875
1 0.814059 0.608172 0.0150484 0.0175053 0.985239
1 0.468336 0.587153 0.0159023 0.0290022 0.984812
0 0.411454 0.387926 0.040892 0.0290619 0.984559
1 0.615528 0.431509 0.0367964 0.0174228 0.984309
1 0.326315 0.358564 0.0136447 0.0250701 0.984111
0 0.415037 0.213594 0.0544163 0.0254696 0.983695
0 0.733863 0.476456 0.0516192 0.0267069 0.983382
1 0.89237 0.157022 0.0142153 0.0222885 0.983064
1 0.72413 0.305132 0.0208872 0.0267421 0.981725
1 0.381341 0.501158 0.0167796 0.0165474 0.98147
0 0.649383 0.650337 0.0446094 0.0241365 0.980095
1 0.421459 0.360373 0.0258145 0.0243752 0.979934
1 0.69294 0.406228 0.029116 0.0215701 0.979842
1 0.449468 0.169363 0.0180611 0.015439 0.979326
1 0.686783 0.609758 0.0133817 0.0182383 0.979203
1 0.908967 0.426759 0.0115773 0.0212542 0.979017
1 0.579974 0.69545 0.0208092 0.0198401 0.978801
1 0.497429 0.691771 0.013495 0.011767 0.978648
0 0.859862 0.73917 0.0493268 0.0261438 0.977413
1 0.341486 0.172915 0.0181521 0.0342877 0.9772
1 0.343643 0.160922 0.0133807 0.0129994 0.977155
1 0.815623 0.415358 0.0178696 0.0189192 0.977143
0 0.365103 0.389676 0.0488357 0.0270608 0.97696
1 0.452361 0.169395 0.02119 0.0147996 0.976948
1 0.509554 0.691598 0.0144927 0.0137539 0.97692
1 0.566754 0.680821 0.022459 0.0184083 0.976839
0 0.815689 0.740194 0.0350497 0.0259293 0.976514
1 0.438806 0.602418 0.0229079 0.0162407 0.976436
1 0.356346 0.509795 0.0192809 0.014407 0.976073
1 0.779214 0.538188 0.0152379 0.0147326 0.975923
1 0.461932 0.699151 0.0155717 0.0156013 0.975756
1 0.782961 0.409 0.0172432 0.0159198 0.975575
1 0.705149 0.506081 0.0462283 0.0343138 0.975408
0 0.492663 0.389517 0.114576 0.0265414 0.975347
1 0.490886 0.25757 0.0290728 0.0133279 0.975294
1 0.824931 0.272789 0.0199761 0.0198435 0.974945
0 0.674279 0.303622 0.0720473 0.0260939 0.974855
0 0.564872 0.649957 0.0427849 0.0265818 0.974555
0 0.54659 0.736766 0.0559662 0.0264288 0.973958
0 0.666569 0.413243 0.0309062 0.0174211 0.973481
1 0.842316 0.166116 0.0133206 0.0150235 0.973226
0 0.750632 0.388715 0.0715495 0.0298552 0.972987
1 0.57579 0.168842 0.0172887 0.0163723 0.972688
1 0.65705 0.410257 0.0158953 0.0188237 0.972634
1 0.666569 0.413243 0.0309062 0.0174211 0.972307
1 0.962302 0.364326 0.0186483 0.0132434 0.971643
1 0.560466 0.611157 0.0188012 0.018499 0.971276
0 0.365143 0.389372 0.0493159 0.0271475 0.969824
0 0.450767 0.562254 0.0443836 0.0249609 0.969456
1 0.420697 0.493034 0.0126488 0.0239161 0.969285
1 0.342923 0.343535 0.0115578 0.019136 0.969072
1 0.639509 0.685078 0.043505 0.0210277 0.968372
1 0.836998 0.284061 0.0130528 0.0178208 0.968178
1 0.340726 0.358177 0.0126735 0.0281158 0.967805
1 0.397088 0.346999 0.0159101 0.0156494 0.967554
1 0.342878 0.270393 0.0137429 0.0170763 0.967333
1 0.693916 0.395059 0.0164265 0.0156029 0.967184
1 0.624261 0.326144 0.0162547 0.0176065 0.967146
1 0.368685 0.191922 0.0296089 0.0212856 0.967105
1 0.524329 0.424755 0.0169205 0.0161301 0.966984
1 0.424745 0.415791 0.0155517 0.0418062 0.966415
0 0.620659 0.260353 0.0157516 0.014712 0.966387
0 0.365016 0.211983 0.0400421 0.0282097 0.965764
0 0.526117 0.650821 0.0304211 0.0294057 0.965492
0 0.862263 0.388893 0.0373754 0.0248276 0.965409
1 0.639939 0.688191 0.0471328 0.026283 0.964841
1 0.372562 0.338184 0.012647 0.0190113 0.964156
1 0.670159 0.689239 0.020312 0.0258287 0.963599
1 0.313293 0.316008 0.0125332 0.0160307 0.963555
1 0.577752 0.613679 0.0146432 0.0136732 0.963403
0 0.866494 0.565454 0.0678747 0.0260882 0.963185
0 0.659575 0.260115 0.0178565 0.0148392 0.962967
1 0.414177 0.353625 0.0179536 0.0190269 0.962078
0 0.611247 0.389684 0.0346204 0.0313845 0.961986
1 0.343472 0.496381 0.0146005 0.0181004 0.961298
0 0.35481 0.609239 0.0201232 0.0152227 0.960028
1 0.424722 0.405548 0.0153471 0.0265682 0.959924
1 0.659559 0.266981 0.0212186 0.0131022 0.959777
1 0.384787 0.60295 0.0196144 0.0136593 0.959507
0 0.376864 0.301366 0.0690267 0.0276982 0.959122
0 0.670088 0.609657 0.0346743 0.0231543 0.958717
1 0.396455 0.49258 0.0192585 0.0263212 0.95871
1 0.582776 0.700093 0.0177615 0.021934 0.957979
1 0.661027 0.413098 0.0239904 0.0166529 0.95783
0 0.619716 0.738552 0.0538319 0.035099 0.957255
0 0.857654 0.383253 0.0292554 0.0149421 0.95655
1 0.374275 0.257193 0.0234037 0.0153536 0.95593
1 0.588932 0.43364 0.0116947 0.0151962 0.955493
1 0.329096 0.484456 0.0175949 0.0163767 0.955337
1 0.718844 0.516406 0.0168478 0.0166908 0.95515
1 0.846959 0.613891 0.0180374 0.0266139 0.954179
1 0.584016 0.700985 0.0189881 0.0204762 0.954038
0 0.598111 0.301854 0.068487 0.0266728 0.954019
0 0.394703 0.560973 0.0614642 0.0292303 0.953553
1 0.32502 0.60564 0.0204 0.0204062 0.953173
1 0.819492 0.538625 0.0151413 0.0155798 0.952951
0 0.734351 0.476751 0.0538168 0.0262719 0.952445
0 0.587499 0.259951 0.0154966 0.0140979 0.952131
