1 0.709324 0.694472 0.00898554 0.0116784 0.999648
1 0.664345 0.758844 0.00920158 0.0146078 0.999557
1 0.749308 0.692278 0.00891096 0.0146526 0.999441
1 0.965837 0.528517 0.0106753 0.0153342 0.999073
1 0.780001 0.659536 0.0100927 0.015526 0.998846
1 0.438096 0.697299 0.010445 0.0136395 0.998836
1 0.350771 0.159218 0.00886462 0.0117137 0.998703
1 0.823542 0.758053 0.0103063 0.0136644 0.99861
0 0.78248 0.641821 0.041625 0.015214 0.998596
0 0.868686 0.239089 0.0384599 0.0198401 0.998523
0 0.634882 0.20325 0.0312572 0.0275582 0.998109
1 0.639112 0.758997 0.00909273 0.015683 0.998061
0 0.460222 0.242736 0.0207167 0.029636 0.997775
1 0.551985 0.726751 0.00810951 0.0134773 0.997569
1 0.50957 0.693941 0.0104132 0.0138127 0.99753
0 0.733019 0.1705 0.0317513 0.0266808 0.99752
1 0.425132 0.766143 0.0083209 0.0135355 0.997484
1 0.681333 0.231628 0.0126293 0.0276815 0.997316
1 0.708184 0.757661 0.0130419 0.0156317 0.997312
1 0.524703 0.696314 0.00956266 0.0101033 0.997305
0 0.74087 0.241194 0.041083 0.0152093 0.997214
1 0.448289 0.76308 0.0105628 0.0146636 0.997131
0 0.759283 0.20679 0.0214913 0.0158698 0.997056
1 0.525748 0.534078 0.0107403 0.0259613 0.996698
1 0.805168 0.758872 0.0125084 0.0141823 0.996567
1 0.818232 0.358424 0.0130242 0.0113363 0.996465
1 0.979404 0.692496 0.0141743 0.0183306 0.996424
1 0.693749 0.578771 0.0124625 0.0130907 0.996421
1 0.835153 0.444131 0.00862582 0.0101589 0.996333
1 0.422003 0.69533 0.0133946 0.0157598 0.996322
1 0.449014 0.761702 0.01092 0.0134501 0.996319
1 0.6764 0.693502 0.00857836 0.0102122 0.996318
1 0.454902 0.496984 0.0111579 0.0181216 0.996091
1 0.692197 0.659941 0.0198484 0.0232631 0.996089
0 0.764603 0.507236 0.0277032 0.0222292 0.996032
1 0.475859 0.309709 0.0126078 0.0149263 0.995959
1 0.551111 0.632703 0.0117825 0.0189817 0.995927
1 0.774862 0.199993 0.0120809 0.0254843 0.995823
1 0.474638 0.727215 0.0139149 0.0145379 0.995796
1 0.95717 0.156023 0.0134575 0.0200759 0.995778
0 0.705113 0.308475 0.0359356 0.0127879 0.995712
0 0.54689 0.407357 0.0337092 0.0155786 0.9955
1 0.575332 0.760544 0.0131886 0.0155278 0.995487
1 0.476864 0.489641 0.0117315 0.0144741 0.995364
1 0.796806 0.533647 0.0149704 0.0169666 0.995046
0 0.86745 0.239472 0.0399389 0.0184573 0.995026
1 0.549535 0.691326 0.00956644 0.0111071 0.994933
0 0.548181 0.478986 0.0301913 0.0124807 0.994863
1 0.835862 0.367913 0.0121951 0.0199679 0.994806
1 0.126314 0.558203 0.0143137 0.0123837 0.994687
1 0.491087 0.473466 0.0159196 0.0193306 0.994557
1 0.99213 0.382632 0.0132152 0.0180153 0.994494
0 0.772598 0.441621 0.0239126 0.0133324 0.994478
1 0.0723763 0.206357 0.0119807 0.010737 0.99426
0 0.536785 0.615071 0.0280803 0.0204856 0.994202
1 0.992426 0.559669 0.0123896 0.0141655 0.994171
1 0.681098 0.759522 0.0098588 0.0116675 0.993973
1 0.950189 0.357259 0.0154407 0.0187043 0.993823
1 0.964661 0.758349 0.0106716 0.0171685 0.993811
0 0.770694 0.406769 0.0448945 0.0140427 0.993703
1 0.697425 0.758287 0.012452 0.0149897 0.993687
1 0.975491 0.156574 0.00989848 0.0131265 0.993594
0 0.571179 0.646511 0.0355792 0.0140756 0.993538
1 0.0694686 0.0774013 0.0145806 0.021287 0.993103
1 0.609001 0.395452 0.0115746 0.0212648 0.992971
1 0.378616 0.766151 0.0115984 0.0126946 0.992929
0 0.602597 0.507132 0.0296186 0.0192865 0.99291
1 0.624913 0.757445 0.00998985 0.0146627 0.992682
1 0.0720286 0.104713 0.0120764 0.0117287 0.992619
0 0.663167 0.578736 0.0404777 0.0150726 0.992546
1 0.110861 0.58269 0.0121281 0.0145325 0.992542
1 0.975848 0.116805 0.0112491 0.0103659 0.992475
1 0.55205 0.670324 0.0143106 0.0328939 0.992022
0 0.775972 0.242558 0.0194755 0.014314 0.992005
1 0.791896 0.694289 0.00953661 0.0139944 0.991655
0 0.546275 0.371229 0.0259477 0.0206028 0.991514
1 0.367197 0.472424 0.0146839 0.0241302 0.991503
0 0.817229 0.643799 0.0224613 0.0169348 0.991477
1 0.449211 0.729329 0.00886118 0.0113249 0.991313
0 0.614993 0.544539 0.0244766 0.0171106 0.991275
0 0.782883 0.639282 0.0420351 0.0228836 0.990967
1 0.508784 0.708685 0.00924501 0.0138328 0.990635
1 0.653001 0.758311 0.0140201 0.0148903 0.990562
0 0.607538 0.479368 0.0348565 0.0148275 0.990555
0 0.875306 0.639777 0.0262181 0.0173791 0.990545
0 0.817259 0.441056 0.0189198 0.016292 0.990536
1 0.108073 0.892111 0.0133983 0.012093 0.990465
0 0.533448 0.280724 0.0170349 0.0164095 0.990196
1 0.0724392 0.172741 0.0136367 0.0124133 0.990085
0 0.396658 0.582658 0.0379637 0.0130925 0.990075
0 0.133083 0.905955 0.0451121 0.0129444 0.990069
1 0.817259 0.441056 0.0189198 0.016292 0.990008
0 0.518363 0.743123 0.0376561 0.0155657 0.98995
0 0.561977 0.441862 0.0168858 0.0162672 0.989794
1 0.975423 0.559028 0.0132113 0.0149641 0.989766
0 0.562377 0.743286 0.0431595 0.0127427 0.989614
1 0.432063 0.571325 0.0126573 0.0267921 0.989537
1 0.987507 0.724383 0.0147165 0.0199522 0.989262
0 0.794779 0.427796 0.0325322 0.0116714 0.989114
1 0.363906 0.267043 0.0138848 0.0315201 0.989044
1 0.871294 0.740228 0.0218592 0.0135679 0.989042
0 0.44857 0.315536 0.0248782 0.0132716 0.989016
0 0.575834 0.507509 0.0188107 0.017968 0.988968
1 0.952646 0.170881 0.0150754 0.018718 0.988862
1 0.801666 0.398945 0.0138339 0.0211503 0.98874
1 0.451776 0.130349 0.0167206 0.0170848 0.988602
1 0.586621 0.470704 0.0158058 0.029689 0.988569
0 0.732458 0.778157 0.0224323 0.012659 0.988434
1 0.675107 0.675893 0.0152759 0.0158087 0.98828
0 0.674542 0.441064 0.0148844 0.0142124 0.988051
1 0.397075 0.76684 0.0168993 0.0129945 0.987874
1 0.668718 0.635832 0.0121477 0.0280328 0.987846
1 0.567108 0.258589 0.0126112 0.014917 0.98749
1 0.866062 0.177766 0.00877311 0.0103011 0.987439
1 0.711649 0.341493 0.0187342 0.0148594 0.987292
1 0.0701013 0.0713824 0.0141718 0.0148499 0.987203
1 0.0540555 0.909999 0.0107629 0.0102062 0.98706
1 0.477042 0.437675 0.0174925 0.0284591 0.987044
1 0.126679 0.819819 0.011548 0.0256393 0.986846
1 0.0930409 0.142412 0.0131314 0.0159054 0.986833
1 0.366886 0.13914 0.0148911 0.0140493 0.986831
1 0.0524986 0.444875 0.014007 0.0189904 0.98682
0 0.660259 0.507308 0.0209287 0.0195871 0.986696
1 0.605749 0.771168 0.00772758 0.0125093 0.986592
0 0.741051 0.240227 0.0411952 0.0162853 0.986581
1 0.0526882 0.617846 0.0152997 0.0155079 0.986524
1 0.418056 0.547588 0.0127203 0.0142422 0.986443
1 0.807542 0.207387 0.0145866 0.0162836 0.98639
0 0.637651 0.544151 0.0191515 0.0180004 0.986378
1 0.449816 0.696784 0.00829544 0.0123353 0.986352
1 0.135121 0.821703 0.0198663 0.0157215 0.986253
1 0.987832 0.459895 0.0112022 0.0167425 0.986146
1 0.108084 0.555665 0.01336 0.0156864 0.986064
1 0.663809 0.234668 0.0172749 0.0187226 0.986009
1 0.0505394 0.170455 0.0149822 0.0199903 0.985457
1 0.687753 0.435083 0.0124439 0.0233026 0.985354
1 0.746179 0.658742 0.019108 0.0144442 0.985343
1 0.0533754 0.306933 0.0124884 0.0175521 0.984804
0 0.983126 0.419305 0.0337473 0.0260584 0.98462
1 0.697324 0.36117 0.018821 0.0173395 0.984612
1 0.409924 0.216759 0.0150662 0.0139316 0.98455
1 0.0528725 0.478756 0.013264 0.0191297 0.984501
0 0.581216 0.141885 0.0193798 0.0216599 0.984429
1 0.399758 0.547185 0.0134868 0.0212749 0.984385
1 0.991921 0.595716 0.0132004 0.0171648 0.984298
1 0.872976 0.395668 0.0145234 0.0115458 0.983835
0 0.481933 0.239971 0.0181188 0.0243141 0.983737
1 0.0493126 0.0679134 0.0157262 0.0186816 0.98364
0 0.664159 0.371113 0.0411264 0.0130074 0.983521
1 0.809722 0.571439 0.0141995 0.0185601 0.983512
1 0.399214 0.552749 0.0130992 0.0122892 0.983485
1 0.447056 0.406384 0.0124402 0.0204737 0.983192
1 0.849428 0.757049 0.0213297 0.0154406 0.983162
0 0.49742 0.208408 0.0213565 0.0204113 0.983082
0 0.491733 0.581394 0.0286537 0.0151198 0.982874
1 0.509137 0.557474 0.0159237 0.0153209 0.982727
1 0.0525813 0.341805 0.0129229 0.0184452 0.982692
1 0.139314 0.55689 0.0075678 0.0134402 0.982671
1 0.650461 0.693916 0.00777594 0.00941125 0.982476
1 0.708159 0.545839 0.015914 0.0165848 0.982448
0 0.77087 0.407584 0.0455518 0.0149324 0.982424
1 0.364682 0.674127 0.0178584 0.0294871 0.982356
1 0.477126 0.435004 0.0163803 0.0231217 0.982251
1 0.553499 0.708939 0.0127608 0.0153956 0.981839
0 0.986071 0.743592 0.0275143 0.0132874 0.981753
1 0.0731931 0.790022 0.0133304 0.0137386 0.981721
1 0.0510689 0.890003 0.0149654 0.0109364 0.981547
0 0.970537 0.206484 0.0279983 0.0143706 0.981539
1 0.536545 0.682112 0.00944038 0.00873737 0.981472
1 0.781311 0.379703 0.0157403 0.0232825 0.981355
1 0.365481 0.478781 0.0203255 0.0239986 0.981068
1 0.815273 0.692527 0.0119525 0.0129579 0.981012
1 0.764985 0.726016 0.0137281 0.0167494 0.980968
1 0.526002 0.670263 0.0123366 0.0175417 0.980931
1 0.350029 0.690358 0.0113156 0.0120148 0.980778
1 0.521601 0.407235 0.0116884 0.0165285 0.980671
1 0.0503915 0.204798 0.0152564 0.0192262 0.980629
1 0.72484 0.695488 0.00959946 0.0150535 0.980605
0 0.58243 0.577365 0.0155339 0.0209044 0.980448
1 0.407504 0.727335 0.0133283 0.0181788 0.980025
1 0.864291 0.659203 0.0115001 0.0179097 0.980013
0 0.84378 0.644611 0.0277729 0.0170542 0.979794
1 0.504646 0.377096 0.0129395 0.0234696 0.979725
0 0.967203 0.643108 0.036422 0.0163237 0.979597
1 0.49742 0.208408 0.0213565 0.0204113 0.979513
0 0.427845 0.243838 0.0398144 0.0159881 0.97947
1 0.575709 0.521099 0.0182573 0.0155217 0.979327
0 0.699748 0.169045 0.0344381 0.0178146 0.97923
0 0.661635 0.707118 0.0507264 0.0172596 0.979199
1 0.0530221 0.547503 0.0142134 0.0221068 0.979185
1 0.524885 0.264885 0.0121268 0.0114061 0.979048
1 0.765029 0.724249 0.0147909 0.0158403 0.978976
0 0.644325 0.241862 0.019998 0.0123676 0.978767
1 0.0505913 0.135063 0.0144449 0.0206519 0.978733
1 0.48499 0.694597 0.0173564 0.0127684 0.978585
1 0.953545 0.158247 0.0132188 0.0216579 0.978517
0 0.855302 0.544481 0.0388637 0.015903 0.978473
0 0.597883 0.209274 0.0441822 0.0134364 0.978449
0 0.366304 0.58362 0.0186714 0.0144855 0.978295
0 0.740897 0.576586 0.036173 0.0149908 0.978259
1 0.531594 0.72381 0.0132724 0.0140177 0.978228
1 0.438958 0.515067 0.0193229 0.027197 0.978141
1 0.123732 0.670398 0.00941587 0.0163635 0.978086
1 0.47773 0.360968 0.00874355 0.0166982 0.977994
1 0.76454 0.228456 0.0110217 0.023105 0.977783
0 0.610833 0.242098 0.0453653 0.0132664 0.977432
1 0.49024 0.542559 0.0142356 0.0180161 0.977361
1 0.566538 0.579439 0.012313 0.015979 0.977328
1 0.052446 0.719928 0.0155081 0.015851 0.97728
1 0.0520727 0.755146 0.0159062 0.0153727 0.977143
1 0.554662 0.278019 0.0138023 0.0128641 0.976961
1 0.681113 0.506391 0.0168075 0.0247351 0.976797
1 0.50841 0.544753 0.0189052 0.020533 0.97663
1 0.701606 0.477126 0.0145267 0.0121532 0.976525
1 0.64035 0.718041 0.0123523 0.0239532 0.97648
1 0.0531171 0.581813 0.0149795 0.018479 0.976337
0 0.693749 0.578771 0.0124625 0.0130907 0.976139
1 0.0947706 0.694936 0.0117694 0.00985211 0.975959
1 0.530898 0.724882 0.0138858 0.0147925 0.975943
1 0.073089 0.61948 0.0127748 0.0150198 0.975828
0 0.737705 0.339736 0.0310018 0.0129049 0.975753
1 0.58283 0.236129 0.0146156 0.0250081 0.975578
1 0.834838 0.65951 0.0150272 0.0145248 0.975455
1 0.0522894 0.409915 0.0133106 0.0206212 0.975369
1 0.675004 0.667134 0.0190136 0.0327135 0.975338
0 0.493604 0.170283 0.0130406 0.0210404 0.975265
0 0.618889 0.172198 0.0457753 0.0146527 0.975198
0 0.85481 0.577433 0.0328372 0.0149669 0.975059
0 0.737369 0.608218 0.0185328 0.0176904 0.974974
0 0.802489 0.427445 0.020372 0.0109985 0.974846
0 0.584396 0.546285 0.0345148 0.0141642 0.974844
0 0.50841 0.544753 0.0189052 0.020533 0.974822
0 0.425158 0.444068 0.0492912 0.0173409 0.974702
1 0.437962 0.510125 0.0167186 0.0175686 0.974431
1 0.0929146 0.130653 0.013214 0.0174018 0.974428
1 0.804366 0.471004 0.0162159 0.0191368 0.974355
1 0.0950794 0.457095 0.0127009 0.00951102 0.974332
1 0.722736 0.468957 0.0217115 0.022583 0.974291
1 0.804709 0.674221 0.0147877 0.0142618 0.974091
0 0.815518 0.241281 0.057232 0.0132144 0.973274
0 0.474224 0.616413 0.04734 0.0124922 0.973205
1 0.0936403 0.194642 0.0124998 0.00785198 0.973019
1 0.681332 0.428309 0.0202959 0.0182245 0.972899
1 0.746257 0.64339 0.0189475 0.0145625 0.972847
1 0.0501574 0.101377 0.0161299 0.0201259 0.972837
0 0.79971 0.371096 0.0511068 0.0148499 0.97283
1 0.637651 0.544151 0.0191515 0.0180004 0.972717
0 0.750055 0.371701 0.0461388 0.0132798 0.972659
1 0.346331 0.272421 0.0142604 0.0207732 0.972604
1 0.566478 0.266821 0.0149334 0.0305941 0.97259
1 0.0727128 0.135133 0.0127386 0.0129771 0.972384
1 0.711452 0.572767 0.0127412 0.0218201 0.9722
0 0.785911 0.776498 0.0795867 0.0201102 0.97206
0 0.532021 0.581562 0.0529318 0.0134365 0.972033
0 0.447056 0.406384 0.0124402 0.0204737 0.971939
0 0.983069 0.27086 0.0338611 0.0176962 0.97182
1 0.591823 0.393579 0.013628 0.0121712 0.971638
1 0.513741 0.27864 0.0148445 0.0132474 0.971579
1 0.453968 0.507074 0.0134963 0.0377697 0.971551
0 0.871787 0.678425 0.0242453 0.0144688 0.971284
1 0.994161 0.692194 0.0116773 0.0173022 0.970924
0 0.770095 0.579233 0.016429 0.0205896 0.970793
1 0.725482 0.658955 0.0164797 0.0150762 0.970759
0 0.4519 0.478718 0.0284332 0.0151459 0.970577
0 0.851549 0.477369 0.0522376 0.0121128 0.970575
0 0.826095 0.578831 0.0159114 0.0168436 0.970502
0 0.477929 0.6475 0.0340293 0.0161346 0.970446
1 0.639049 0.555024 0.0177692 0.0212416 0.970403
1 0.597592 0.167645 0.0119538 0.027161 0.970315
1 0.992535 0.759807 0.0135532 0.0178855 0.970122
1 0.362516 0.436158 0.0158252 0.0130733 0.969923
0 0.815298 0.241745 0.0587288 0.0131459 0.96992
0 0.611907 0.372639 0.0579365 0.0165886 0.969788
0 0.498081 0.679461 0.0363371 0.0166996 0.969718
0 0.747544 0.30804 0.0403776 0.0147091 0.969458
0 0.84787 0.407263 0.0725312 0.0166523 0.969395
1 0.571446 0.760636 0.00341599 0.010133 0.969303
1 0.0521972 0.684648 0.0148751 0.0145418 0.969245
1 0.979786 0.6674 0.0119455 0.0146342 0.969181
1 0.752013 0.394393 0.00938141 0.0164784 0.968907
0 0.950189 0.357259 0.0154407 0.0187043 0.968901
1 0.458617 0.441354 0.0165384 0.0211926 0.968806
0 0.510133 0.616872 0.0203307 0.0130572 0.968768
0 0.65011 0.675222 0.0174147 0.0165972 0.968749
0 0.555934 0.141219 0.0201302 0.0183465 0.968739
1 0.0939698 0.506466 0.0125633 0.010285 0.968709
1 0.0747729 0.65359 0.0162929 0.0119454 0.968641
0 0.853186 0.579678 0.0356828 0.0151556 0.968472
1 0.712341 0.576209 0.0134612 0.0195775 0.968293
1 0.0529079 0.651738 0.0148951 0.0147043 0.968188
0 0.851263 0.774394 0.0490935 0.0221693 0.96808
0 0.836031 0.340885 0.0505784 0.0118817 0.967963
1 0.0726963 0.240827 0.0140623 0.0111176 0.967851
0 0.505111 0.680363 0.0471537 0.0140729 0.967754
1 0.696674 0.365415 0.0205107 0.0240545 0.96772
0 0.959439 0.741799 0.0235962 0.0129236 0.967486
1 0.0931101 0.203845 0.015201 0.0187198 0.967312
1 0.581216 0.141885 0.0193798 0.0216599 0.967257
1 0.869833 0.740578 0.0189976 0.0130233 0.967231
1 0.677627 0.640925 0.0190533 0.016743 0.967032
