1 0.383122 0.653882 0.0124326 0.0150313 0.999726
1 0.268182 0.148457 0.0105519 0.0147159 0.999668
1 0.297042 0.620908 0.00835989 0.013696 0.999552
1 0.322769 0.182594 0.0107251 0.0144818 0.999459
1 0.137758 0.383858 0.010528 0.0155066 0.999416
1 0.284049 0.147426 0.0108656 0.015202 0.99936
1 0.425986 0.620913 0.0113213 0.0119514 0.999311
1 0.0238713 0.694535 0.0091753 0.0160524 0.999117
1 0.591558 0.623177 0.00854971 0.0138477 0.999044
1 0.152535 0.6863 0.00945592 0.0134739 0.999015
1 0.507761 0.689561 0.010603 0.0114925 0.998952
1 0.16544 0.383757 0.00812073 0.015628 0.998902
1 0.468161 0.480018 0.0134016 0.0141026 0.99888
1 0.361984 0.315481 0.0107219 0.0111925 0.998853
1 0.397576 0.621874 0.0119472 0.0133085 0.998722
1 0.636493 0.622538 0.00867847 0.013564 0.998703
1 0.347062 0.481174 0.0123494 0.0158727 0.998547
1 0.730583 0.0946256 0.0146398 0.0228155 0.998343
1 0.451745 0.621399 0.0198052 0.0137833 0.99833
1 0.295525 0.721781 0.00989181 0.0140587 0.998272
1 0.182475 0.381839 0.012768 0.0160547 0.998239
1 0.398439 0.584842 0.0130196 0.0156426 0.998146
1 0.0126081 0.391161 0.0137995 0.0248885 0.998139
1 0.394937 0.381177 0.0134843 0.0135069 0.998137
1 0.891906 0.419391 0.0089521 0.0110887 0.998129
1 0.339763 0.362111 0.00965729 0.0147332 0.998047
1 0.355827 0.415304 0.0115236 0.0123116 0.99804
1 0.552548 0.585649 0.00964949 0.0139226 0.997956
1 0.523143 0.384113 0.0103304 0.0153174 0.997914
1 0.609696 0.623733 0.00841165 0.0131765 0.997782
1 0.265925 0.482312 0.00907771 0.0165964 0.997655
1 0.522717 0.515879 0.0109166 0.0140976 0.997647
1 0.480895 0.284972 0.00989175 0.012675 0.997625
1 0.623936 0.515211 0.0146455 0.0133865 0.997581
1 0.257753 0.721453 0.0136189 0.0159738 0.997562
1 0.561549 0.348248 0.0106758 0.0117448 0.997553
1 0.553166 0.656552 0.00999658 0.0138165 0.997453
1 0.567646 0.517691 0.00916048 0.00976685 0.997409
1 0.592026 0.253736 0.0124528 0.0136852 0.997403
1 0.579389 0.117622 0.00723184 0.0128605 0.997367
0 0.321132 0.477918 0.02626 0.0151317 0.997268
1 0.411423 0.480253 0.00945821 0.011982 0.997243
1 0.20884 0.721972 0.00788163 0.0142278 0.997212
1 0.464401 0.160921 0.0103745 0.0234369 0.997185
0 0.266489 0.201123 0.0283168 0.0156228 0.99715
1 0.236006 0.685762 0.00954573 0.0136509 0.997139
1 0.267181 0.546607 0.0108323 0.0134323 0.997046
1 0.308947 0.110803 0.0115512 0.014348 0.997
1 0.394144 0.480367 0.0178362 0.0149086 0.99698
1 0.306544 0.585031 0.00989217 0.0128383 0.996979
1 0.264051 0.756858 0.00878823 0.0128652 0.996683
1 0.209681 0.618725 0.00897538 0.0115393 0.996615
1 0.291995 0.479634 0.0186702 0.0139179 0.996443
1 0.126585 0.484587 0.0135532 0.026912 0.996301
1 0.494949 0.495874 0.0115151 0.0141375 0.996219
1 0.42825 0.722804 0.0137866 0.0164216 0.996207
1 0.270563 0.621601 0.0109603 0.0119442 0.996111
1 0.183443 0.432334 0.0115707 0.0116613 0.996097
1 0.137094 0.546762 0.0108055 0.0151186 0.996081
1 0.226823 0.413697 0.00999018 0.0130697 0.996027
1 0.611405 0.657097 0.016278 0.0167593 0.996025
1 0.636597 0.589071 0.00760402 0.0132575 0.995988
1 0.549216 0.218678 0.00967245 0.0151285 0.995802
1 0.0546038 0.305397 0.0158396 0.0137614 0.995744
1 0.554073 0.252331 0.0097864 0.0127534 0.995739
1 0.0253269 0.660815 0.00907702 0.0152077 0.995643
1 0.423585 0.379679 0.0139947 0.0141152 0.995615
1 0.196879 0.44621 0.0123402 0.013797 0.995601
0 0.349002 0.730979 0.0212554 0.0257399 0.995587
1 0.635397 0.535017 0.0155503 0.0119377 0.995561
1 0.649279 0.416652 0.00584897 0.00935544 0.995555
1 0.307016 0.147092 0.0186937 0.0146794 0.995547
1 0.4252 0.4827 0.00935758 0.0114124 0.995467
1 0.636833 0.285616 0.00781389 0.0121109 0.99544
1 0.523219 0.415363 0.0136657 0.0129313 0.995432
0 0.508196 0.602767 0.0381227 0.0154953 0.995319
1 0.20685 0.550958 0.0107528 0.0170334 0.995279
1 0.648714 0.0905311 0.00752597 0.0104413 0.995184
1 0.320436 0.221276 0.010935 0.0134188 0.995148
0 0.468181 0.32983 0.0226779 0.0145774 0.994996
1 0.137056 0.719985 0.0110518 0.0172634 0.994994
1 0.552785 0.690551 0.00851082 0.0113292 0.994942
0 0.642921 0.741265 0.0208983 0.0142355 0.994922
1 0.364305 0.654046 0.00779384 0.0110831 0.99491
1 0.0127504 0.389623 0.009901 0.0225796 0.994834
1 0.592303 0.48335 0.00719303 0.0106819 0.99481
1 0.623974 0.62339 0.00859487 0.0131836 0.994677
1 0.340955 0.311496 0.0111463 0.0154056 0.994599
1 0.409828 0.203818 0.0136536 0.0140385 0.994383
1 0.748082 0.0945855 0.0158432 0.0206284 0.994329
1 0.255118 0.407958 0.0112276 0.0211559 0.994191
0 0.418216 0.127533 0.0253902 0.0320345 0.994085
1 0.38035 0.511031 0.0146744 0.0142308 0.994025
1 0.536729 0.51757 0.0135709 0.0155825 0.994011
1 0.626622 0.416132 0.011707 0.0122765 0.994009
1 0.335961 0.690304 0.00797738 0.0120285 0.993997
1 0.539081 0.654614 0.01033 0.0127031 0.993989
1 0.495387 0.314046 0.0115629 0.0130164 0.993953
0 0.305139 0.280066 0.0321092 0.0157376 0.993947
1 0.066725 0.639079 0.0113442 0.0177322 0.993937
1 0.537109 0.253667 0.0087338 0.0104743 0.993766
0 0.459578 0.356525 0.018823 0.0350054 0.993701
0 0.234374 0.704739 0.0335056 0.0126802 0.993631
1 0.45157 0.547344 0.0117782 0.0187485 0.993547
1 0.508678 0.583878 0.0120663 0.0152693 0.993523
1 0.482146 0.621951 0.00960318 0.00947479 0.993516
1 0.2918 0.11095 0.0111184 0.0150525 0.993514
1 0.423033 0.586085 0.0101425 0.0147886 0.99343
1 0.619506 0.171252 0.0109894 0.0126638 0.993429
1 0.535224 0.619508 0.0117977 0.0123262 0.993352
1 0.19378 0.754516 0.00918264 0.0130678 0.993329
1 0.139814 0.686565 0.0103702 0.0132525 0.993289
1 0.466794 0.723692 0.0100964 0.0148323 0.993207
1 0.696233 0.229439 0.0151187 0.0141238 0.993183
1 0.71022 0.64217 0.0142107 0.0100586 0.993152
1 0.21043 0.112297 0.00976764 0.0154639 0.992845
1 0.342365 0.446135 0.017738 0.0153835 0.992844
1 0.340163 0.313178 0.0120343 0.015708 0.992732
0 0.132617 0.566954 0.0296346 0.0138849 0.992498
0 0.246088 0.127289 0.0247113 0.0112611 0.992316
1 0.951982 0.0894286 0.0107371 0.0138679 0.992296
1 0.652619 0.347814 0.0182266 0.0119245 0.992258
0 0.313182 0.531573 0.0270492 0.0132341 0.992218
1 0.370272 0.56713 0.011824 0.0136652 0.992152
1 0.550068 0.242097 0.00950542 0.0143304 0.992067
1 0.526524 0.283709 0.0126539 0.0122117 0.992018
1 0.319058 0.365635 0.017523 0.0106864 0.992018
1 0.475825 0.433787 0.013646 0.0120943 0.992008
1 0.355446 0.111837 0.0147952 0.0157459 0.991907
1 0.953462 0.109445 0.0121068 0.0132024 0.991773
1 0.952279 0.0824769 0.0112171 0.026349 0.991763
1 0.407569 0.397589 0.00986154 0.0134675 0.991644
1 0.608173 0.18667 0.011557 0.0145495 0.991636
0 0.545924 0.708599 0.0418489 0.015116 0.991614
0 0.520679 0.432493 0.0182192 0.0156172 0.991556
1 0.0109421 0.694735 0.00868914 0.0148973 0.991532
1 0.263865 0.689255 0.0116248 0.0143768 0.991464
1 0.850755 0.180263 0.0122159 0.018579 0.991326
1 0.396397 0.182696 0.0103708 0.0117742 0.991319
1 0.532085 0.546528 0.0125984 0.0140566 0.991288
1 0.578654 0.740624 0.0125797 0.0116643 0.991244
1 0.170039 0.481049 0.0109592 0.012092 0.991241
1 0.931551 0.0725943 0.014627 0.0143821 0.991222
1 0.552814 0.619608 0.0173037 0.0157456 0.991193
1 0.465137 0.411445 0.012354 0.0139771 0.991026
1 0.622161 0.55712 0.0103501 0.00782874 0.99092
1 0.894973 0.109403 0.0124405 0.0123259 0.990901
1 0.647183 0.516471 0.015246 0.0117783 0.990887
1 0.208045 0.316036 0.0100558 0.0136559 0.990886
1 0.637913 0.415513 0.0108531 0.00977209 0.990612
0 0.451901 0.279625 0.0317872 0.0153235 0.990512
1 0.625012 0.481973 0.01727 0.0166922 0.990385
1 0.56728 0.398794 0.0100431 0.0152167 0.990384
1 0.591084 0.416134 0.0139384 0.012282 0.990368
1 0.167882 0.112652 0.0113685 0.0158931 0.990207
1 0.236253 0.320511 0.00788632 0.00846185 0.990193
1 0.208213 0.54906 0.00998413 0.0168137 0.990134
0 0.218332 0.466935 0.0320403 0.016226 0.990084
1 0.0541794 0.626771 0.0135277 0.0149004 0.990046
1 0.0690531 0.306761 0.00814633 0.0129956 0.990006
1 0.381085 0.581939 0.0140072 0.0123978 0.989887
0 0.622545 0.269833 0.0293439 0.0113101 0.989861
0 0.212231 0.128952 0.040987 0.0129864 0.989771
1 0.930499 0.918037 0.0107486 0.0119617 0.989741
0 0.733442 0.207418 0.0380889 0.0148854 0.989657
0 0.311665 0.431658 0.0391004 0.0127973 0.989641
1 0.525156 0.757337 0.0183732 0.0166115 0.989519
0 0.163838 0.321259 0.0271506 0.0267335 0.989516
1 0.0188752 0.341368 0.0173893 0.0122009 0.989381
1 0.646266 0.354495 0.0130038 0.0123015 0.989342
1 0.427136 0.697865 0.0147598 0.0162628 0.989178
1 0.0122473 0.132017 0.0141713 0.0120866 0.9891
1 0.647035 0.317503 0.0215555 0.0139554 0.98908
0 0.164849 0.167593 0.0339728 0.0146729 0.989016
0 0.603596 0.570346 0.0246467 0.0123145 0.988677
1 0.169361 0.722627 0.00794827 0.0124091 0.988656
0 0.430609 0.465027 0.0409819 0.0117416 0.988643
0 0.504552 0.267262 0.024591 0.0143336 0.988552
1 0.187136 0.480402 0.0144524 0.0145287 0.988489
1 0.895952 0.494791 0.0106037 0.0179043 0.98846
1 0.524829 0.654619 0.0107605 0.0117305 0.988454
1 0.379312 0.598044 0.00873099 0.013215 0.988452
1 0.168001 0.549805 0.0106929 0.0258888 0.988423
1 0.152267 0.384145 0.00786207 0.0154789 0.988382
1 0.521776 0.123198 0.0158892 0.0253044 0.988108
1 0.108284 0.499551 0.0195643 0.0310691 0.988013
0 0.352575 0.510857 0.0282574 0.0148824 0.987768
1 0.589314 0.688971 0.016725 0.0133752 0.987628
1 0.354386 0.181639 0.010879 0.0118341 0.987578
1 0.59084 0.655852 0.00779675 0.0132051 0.987563
1 0.237003 0.398055 0.0152994 0.0131552 0.987555
0 0.403479 0.670051 0.0233442 0.0137054 0.987511
1 0.379402 0.512378 0.0140014 0.0149759 0.98751
1 0.376427 0.381892 0.0108028 0.0104976 0.98725
1 0.309125 0.233199 0.0101436 0.0146718 0.987226
0 0.349138 0.772624 0.0184109 0.0142307 0.987166
1 0.625212 0.367317 0.0140729 0.0128043 0.987081
1 0.30019 0.183264 0.0172956 0.0131641 0.987076
1 0.0515686 0.585392 0.0195332 0.0154363 0.987022
1 0.137406 0.513521 0.00825613 0.0124664 0.987016
1 0.222453 0.44814 0.01309 0.0127609 0.986931
1 0.167352 0.113732 0.00977692 0.0140498 0.986804
1 0.494909 0.292604 0.014539 0.0236724 0.986769
1 0.43744 0.181809 0.0180841 0.0140676 0.986615
1 0.261591 0.721765 0.0142261 0.0141813 0.986571
0 0.0451783 0.745315 0.0405729 0.016148 0.98629
1 0.438774 0.167107 0.0131813 0.0135087 0.986243
1 0.179954 0.446831 0.0112895 0.0133091 0.986115
1 0.51981 0.629706 0.013771 0.0280798 0.986094
0 0.410636 0.166952 0.0354098 0.0117862 0.986024
1 0.249812 0.280965 0.00856029 0.0123475 0.98592
1 0.306324 0.758291 0.00827036 0.0123955 0.985918
1 0.351037 0.585342 0.00958576 0.0128101 0.985821
1 0.2867 0.546625 0.0148399 0.0137214 0.985638
0 0.275795 0.430934 0.031415 0.0129236 0.985595
1 0.0418547 0.271071 0.015049 0.0151246 0.985542
0 0.135966 0.667114 0.034682 0.0130602 0.985428
1 0.439733 0.265848 0.0102763 0.0108152 0.985351
1 0.382619 0.315361 0.00921109 0.0125023 0.985181
1 0.519336 0.482755 0.0185295 0.0149139 0.985151
0 0.436678 0.567075 0.0376155 0.0134363 0.985039
1 0.289774 0.44583 0.0133662 0.015099 0.985024
0 0.365081 0.635228 0.0219235 0.016037 0.984906
1 0.297636 0.259597 0.0126429 0.0160325 0.984837
1 0.447299 0.693836 0.0176727 0.0200999 0.984812
1 0.348978 0.246732 0.0195173 0.0142408 0.984745
1 0.569714 0.619116 0.0118462 0.014004 0.984696
1 0.607304 0.187783 0.0097233 0.0145046 0.984613
1 0.0238613 0.268259 0.0118496 0.0155147 0.984473
1 0.538416 0.430732 0.0137136 0.0199983 0.98445
1 0.750717 0.742426 0.0144035 0.0119787 0.984326
0 0.476954 0.670083 0.0177132 0.013965 0.984305
1 0.949728 0.556543 0.0144896 0.0193889 0.983985
1 0.42448 0.410632 0.0129897 0.0163708 0.983948
0 0.473755 0.60373 0.0293718 0.0136513 0.983874
0 0.642893 0.707848 0.0231087 0.0134901 0.983872
1 0.931476 0.107683 0.0156673 0.0149143 0.983845
1 0.631514 0.332269 0.0194785 0.0146746 0.983813
1 0.495153 0.665074 0.0133871 0.0232269 0.983786
0 0.269143 0.264437 0.0333028 0.0129606 0.983489
1 0.328564 0.345459 0.0127626 0.0146317 0.983438
1 0.409905 0.380603 0.00966184 0.0142977 0.983417
1 0.503617 0.381716 0.0125796 0.0150156 0.983306
1 0.251814 0.109902 0.0238784 0.0145924 0.983249
1 0.249257 0.619213 0.00884991 0.0136107 0.983231
1 0.210123 0.411229 0.0117816 0.0135539 0.983231
1 0.338048 0.18174 0.00882275 0.0118654 0.983076
0 0.356174 0.330904 0.0225196 0.0111943 0.982831
0 0.202848 0.667328 0.0478696 0.0130369 0.982819
1 0.479362 0.509626 0.0128834 0.0178898 0.982756
0 0.13462 0.167068 0.0232125 0.0151397 0.982578
1 0.502047 0.12982 0.0148461 0.0177139 0.982352
1 0.510642 0.284312 0.0110989 0.0107963 0.982317
1 0.48459 0.246803 0.013153 0.0165442 0.982235
0 0.450979 0.739258 0.0288855 0.0144085 0.9822
1 0.580569 0.236134 0.0135059 0.0127165 0.982143
1 0.221846 0.722338 0.00948569 0.0123119 0.982111
1 0.0670304 0.633695 0.0110729 0.0193506 0.982026
1 0.225197 0.621462 0.00982694 0.0108056 0.981938
1 0.354556 0.379331 0.0142022 0.0146781 0.981773
1 0.651288 0.380819 0.00970228 0.0132111 0.981313
1 0.513489 0.482983 0.0136325 0.0148087 0.981179
1 0.250962 0.329423 0.0179146 0.012106 0.981037
0 0.432613 0.362119 0.0183417 0.0224511 0.981025
1 0.524353 0.218693 0.0182724 0.0141566 0.981019
1 0.617222 0.688427 0.0177092 0.0137297 0.98098
0 0.472273 0.568578 0.0335059 0.0134523 0.980898
0 0.578963 0.569938 0.0194476 0.0158056 0.980386
1 0.33226 0.278848 0.0148673 0.0129899 0.980386
0 0.332272 0.37994 0.0266037 0.0161243 0.980313
0 0.203631 0.667267 0.0488135 0.0142186 0.980283
0 0.538416 0.430732 0.0137136 0.0199983 0.980171
1 0.568281 0.254288 0.0110044 0.0114339 0.980142
0 0.0597679 0.326274 0.028521 0.0122057 0.980135
0 0.377337 0.129638 0.0255317 0.011327 0.980086
1 0.380241 0.264456 0.00953571 0.016396 0.980071
1 0.123479 0.742265 0.0172754 0.0168964 0.979943
1 0.240478 0.651888 0.0152178 0.0155872 0.979881
1 0.631505 0.222082 0.0180265 0.0145575 0.979827
1 0.555484 0.283439 0.0148503 0.0148298 0.979792
1 0.895385 0.59699 0.00999665 0.0161243 0.979776
0 0.647035 0.317503 0.0215555 0.0139554 0.979706
0 0.20237 0.379881 0.0253809 0.0155042 0.979627
0 0.606597 0.741191 0.0425321 0.0127054 0.97961
1 0.609024 0.22398 0.0100979 0.0134693 0.979473
0 0.449597 0.670938 0.0318943 0.0130391 0.979457
1 0.0114841 0.327235 0.0119316 0.0160519 0.979418
1 0.495486 0.546445 0.0126864 0.0133267 0.979373
1 0.013082 0.660933 0.0100555 0.0144285 0.979354
1 0.226817 0.296406 0.020424 0.0138715 0.979336
0 0.63754 0.640673 0.0203553 0.0122913 0.97929
1 0.0518795 0.166318 0.0195913 0.0155707 0.979228
0 0.435328 0.60276 0.041945 0.0113278 0.979179
1 0.0236688 0.521131 0.017397 0.017555 0.979163
1 0.162727 0.279179 0.0162968 0.0104513 0.979128
1 0.636697 0.185071 0.0139569 0.0142743 0.979061
1 0.594842 0.158403 0.0178615 0.0148686 0.978829
0 0.454685 0.35665 0.0247857 0.0369391 0.97863
1 0.36338 0.16207 0.0170963 0.0217998 0.978567
1 0.931753 0.142766 0.0161093 0.014837 0.978526
