0 0.282490 0.163936 0.129661 0.035803
0 0.415952 0.165286 0.126780 0.031686
0 0.548638 0.162869 0.121268 0.035446
0 0.630533 0.163675 0.047247 0.030612
0 0.804560 0.168777 0.061421 0.027927
0 0.250588 0.272429 0.063784 0.029001
0 0.306890 0.274040 0.045672 0.030075
0 0.397447 0.274040 0.135442 0.029001
0 0.485248 0.274577 0.044885 0.029001
0 0.574230 0.275383 0.126780 0.028464
0 0.664787 0.276994 0.043310 0.030612
0 0.754950 0.279142 0.135442 0.033835
0 0.246257 0.390313 0.053547 0.030612
0 0.353744 0.388702 0.070083 0.027390
0 0.463199 0.386822 0.139379 0.030075
0 0.563206 0.387091 0.041735 0.035983
0 0.724633 0.387091 0.109456 0.034909
0 0.808497 0.388433 0.058271 0.030075
0 0.251769 0.500678 0.070871 0.030075
0 0.305315 0.502021 0.037798 0.029538
0 0.386423 0.503363 0.116543 0.042965
0 0.490760 0.500141 0.093707 0.031149
0 0.602972 0.501215 0.127567 0.047261
0 0.689198 0.499873 0.041735 0.025242
0 0.752982 0.500141 0.059059 0.025779
0 0.816765 0.498261 0.073233 0.035983
0 0.256100 0.616682 0.070083 0.027927
0 0.324608 0.615608 0.040160 0.032223
0 0.500997 0.617488 0.095282 0.034909
0 0.577774 0.618294 0.062996 0.027927
0 0.639589 0.620173 0.060634 0.038131
0 0.742745 0.614266 0.145679 0.035983
0 0.825427 0.613460 0.037010 0.036520
0 0.259249 0.734835 0.081108 0.040816
0 0.355319 0.735641 0.118905 0.045650
0 0.496272 0.737520 0.147253 0.050483
0 0.589979 0.736983 0.041735 0.034372
0 0.687623 0.737252 0.150403 0.044576
0 0.774637 0.731881 0.029923 0.033835
0 0.817159 0.732955 0.059846 0.034909
0 0.884880 0.736715 0.025198 0.038131
0 0.936444 0.746113 0.079505 0.042965
0 0.943151 0.616145 0.050397 0.032223
0 0.895904 0.507928 0.051972 0.026316
0 0.940395 0.507391 0.043310 0.027390
0 0.882517 0.484566 0.025198 0.027927
0 0.914016 0.481076 0.045672 0.026316
0 0.956840 0.478594 0.052577 0.026982
0 0.882517 0.457982 0.025198 0.032760
0 0.897873 0.456908 0.018111 0.026316
0 0.915590 0.454223 0.023624 0.027390
0 0.943545 0.453686 0.037010 0.023093
0 0.881730 0.429518 0.020474 0.034909
0 0.902204 0.430055 0.025198 0.035983
0 0.926221 0.423073 0.027561 0.032760
0 0.959981 0.417509 0.046259 0.032372
0 0.884092 0.387628 0.025198 0.033835
0 0.946771 0.381720 0.106458 0.034909
0 0.893936 0.270549 0.030711 0.027390
0 0.919528 0.265984 0.031498 0.032223
0 0.961818 0.260033 0.050748 0.046187
0 0.906928 0.156156 0.044097 0.033835
0 0.938427 0.140313 0.036223 0.027927
2 0.525408 0.083385 0.619724 0.019334
2 0.515565 0.100839 0.600038 0.017723
2 0.522258 0.119099 0.621299 0.016649
2 0.525014 0.137359 0.615787 0.013426
2 0.523046 0.192945 0.627599 0.012889
2 0.519502 0.210130 0.617362 0.013963
2 0.524621 0.228659 0.615000 0.013426
2 0.525802 0.247456 0.609488 0.013426
2 0.405715 0.307338 0.355141 0.008593
2 0.400991 0.325329 0.358290 0.008056
2 0.402959 0.344126 0.357503 0.009130
2 0.402172 0.362117 0.381127 0.011815
2 0.745107 0.307606 0.161428 0.010204
2 0.741564 0.323986 0.155915 0.012889
2 0.742745 0.343320 0.166152 0.010741
2 0.738808 0.362386 0.156703 0.009130
2 0.525014 0.416092 0.634686 0.015575
2 0.525014 0.433815 0.615787 0.010204
2 0.516746 0.451269 0.630749 0.011815
2 0.533283 0.469797 0.618150 0.014501
2 0.286810 0.533707 0.131504 0.009130
2 0.286023 0.549819 0.129930 0.009130
2 0.287598 0.569421 0.137804 0.007519
2 0.284054 0.587144 0.127567 0.008593
2 0.652975 0.529679 0.391363 0.008593
2 0.651400 0.547671 0.397663 0.008056
2 0.652188 0.567273 0.394513 0.010741
2 0.650219 0.586876 0.389001 0.012352
2 0.529345 0.648369 0.607125 0.011815
2 0.530527 0.666092 0.626812 0.009667
2 0.536826 0.685426 0.626812 0.017186
2 0.531314 0.706102 0.620512 0.017723
1 0.226964 0.079626 0.033860 0.022556
1 0.221846 0.120979 0.028348 0.023631
1 0.246935 0.123907 0.021854 0.028418
1 0.274616 0.123708 0.019523 0.026828
1 0.307688 0.123410 0.035549 0.029809
1 0.336535 0.138017 0.032052 0.016892
1 0.370044 0.136029 0.025642 0.015302
1 0.403407 0.125596 0.030012 0.026232
1 0.436770 0.136228 0.026224 0.015700
1 0.463869 0.136029 0.027973 0.016494
1 0.504371 0.106419 0.023893 0.030803
1 0.526516 0.107214 0.020980 0.031598
1 0.550118 0.116952 0.021562 0.029213
1 0.572991 0.119734 0.028847 0.015302
1 0.600964 0.118045 0.029430 0.029809
1 0.627334 0.108307 0.019814 0.031399
1 0.767052 0.105326 0.018940 0.023847
1 0.836838 0.098470 0.033800 0.016097
1 0.775939 0.130862 0.018066 0.026431
1 0.810613 0.130564 0.021562 0.027822
1 0.227558 0.212738 0.022145 0.027226
1 0.253782 0.209658 0.016900 0.031797
1 0.292827 0.216614 0.017483 0.030207
1 0.317886 0.226252 0.017483 0.027623
1 0.357368 0.233108 0.021854 0.013116
1 0.395831 0.233108 0.021854 0.011924
1 0.412440 0.235493 0.021271 0.027822
1 0.443035 0.234499 0.018357 0.029412
1 0.461829 0.219893 0.012238 0.063394
1 0.489510 0.234599 0.019231 0.032393
1 0.537880 0.207273 0.022145 0.029412
1 0.574011 0.218303 0.019814 0.031995
1 0.615679 0.227047 0.025642 0.032790
1 0.647148 0.237679 0.022145 0.013116
1 0.665214 0.235890 0.023893 0.028617
1 0.691875 0.236387 0.021271 0.030803
1 0.725675 0.220191 0.019523 0.031399
1 0.746801 0.210751 0.020397 0.015700
1 0.772588 0.218303 0.032343 0.029610
1 0.806097 0.236288 0.035257 0.025040
1 0.839752 0.224662 0.030887 0.019674
1 0.837566 0.322734 0.034092 0.019475
1 0.802600 0.334261 0.018940 0.038553
1 0.752628 0.337341 0.027390 0.042329
1 0.729026 0.343899 0.023893 0.021264
1 0.697557 0.351451 0.026224 0.017289
1 0.550555 0.350755 0.023019 0.029412
1 0.512238 0.351451 0.019814 0.016097
1 0.488636 0.342905 0.025059 0.032393
1 0.456438 0.333168 0.023602 0.030405
1 0.431671 0.333764 0.016026 0.032393
1 0.412294 0.335254 0.020397 0.032989
1 0.373977 0.353339 0.023019 0.034579
1 0.333766 0.354829 0.024185 0.033585
1 0.266166 0.335354 0.032343 0.027623
1 0.235425 0.352246 0.020397 0.026828
1 0.228432 0.331578 0.023311 0.030008
1 0.227412 0.440978 0.020688 0.032591
1 0.257424 0.444455 0.021271 0.033188
1 0.273887 0.445052 0.014569 0.064189
1 0.304628 0.442965 0.027681 0.017886
1 0.353143 0.441375 0.026807 0.034579
1 0.390003 0.432731 0.028264 0.037162
1 0.417685 0.431339 0.028847 0.033585
1 0.447988 0.442071 0.027681 0.033983
1 0.471590 0.423589 0.035257 0.033188
1 0.520105 0.421701 0.028555 0.017488
1 0.554197 0.431041 0.024476 0.035771
1 0.583772 0.450119 0.031761 0.017488
1 0.611308 0.449424 0.023893 0.033983
1 0.641612 0.439090 0.027390 0.032393
1 0.676286 0.429750 0.024476 0.033983
1 0.699014 0.449126 0.036131 0.029014
1 0.740682 0.448430 0.021562 0.031598
1 0.769237 0.449026 0.016900 0.036367
1 0.790217 0.421999 0.015735 0.029213
1 0.808137 0.421403 0.021854 0.014110
1 0.822560 0.422595 0.018066 0.033188
1 0.837275 0.414448 0.014860 0.035970
1 0.850387 0.417428 0.015443 0.016494
1 0.229889 0.554551 0.021562 0.031995
1 0.256987 0.552961 0.019814 0.032393
1 0.302734 0.570250 0.023311 0.035572
1 0.466200 0.534579 0.025059 0.021065
1 0.298218 0.550378 0.024767 0.014905
1 0.476835 0.567170 0.021271 0.031797
1 0.507722 0.548192 0.037588 0.048291
1 0.535840 0.541733 0.031469 0.033386
1 0.588143 0.540541 0.019523 0.032989
1 0.606354 0.558426 0.013404 0.065580
1 0.650062 0.547893 0.028555 0.032989
1 0.687650 0.537162 0.022728 0.032591
1 0.735582 0.531498 0.026516 0.034777
1 0.779144 0.540342 0.022145 0.031002
1 0.831884 0.539249 0.034966 0.033585
1 0.849950 0.546800 0.017483 0.012917
1 0.233531 0.652524 0.027099 0.022854
1 0.227266 0.692766 0.025059 0.026630
1 0.253054 0.676868 0.021271 0.036566
1 0.289622 0.675874 0.030887 0.017886
1 0.322694 0.676669 0.021271 0.038156
1 0.359554 0.659479 0.022728 0.035175
1 0.398016 0.659479 0.022728 0.034777
1 0.435022 0.685513 0.020980 0.034777
1 0.471882 0.682134 0.034092 0.028021
1 0.516172 0.694356 0.036423 0.033784
1 0.554634 0.701709 0.034092 0.030207
1 0.597904 0.701113 0.041376 0.030604
1 0.635493 0.683824 0.028555 0.035771
1 0.674538 0.674881 0.034966 0.033386
1 0.706881 0.673291 0.023893 0.033386
1 0.741556 0.673092 0.022145 0.030207
1 0.777687 0.673390 0.026224 0.016494
1 0.799104 0.663752 0.018940 0.013911
1 0.815858 0.666832 0.021562 0.036367
1 0.844559 0.660672 0.025350 0.018482
1 0.878788 0.667070 0.013186 0.021758
1 0.876661 0.706235 0.012336 0.018277
1 0.884743 0.694050 0.009783 0.032202
1 0.893888 0.703189 0.016164 0.024369
1 0.908564 0.697387 0.020843 0.033652
1 0.928130 0.697822 0.015739 0.033362
1 0.946846 0.701593 0.018291 0.017697
1 0.966839 0.703769 0.019992 0.015086
1 0.991608 0.704494 0.016785 0.018277
1 0.923239 0.548852 0.018716 0.025529
1 0.919623 0.594108 0.014037 0.022048
1 0.938126 0.588016 0.015313 0.033072
1 0.959395 0.587726 0.017015 0.033072
1 0.984066 0.559731 0.019567 0.036844
1 0.884105 0.317636 0.013612 0.022048
1 0.893038 0.324164 0.019567 0.029881
1 0.882191 0.359702 0.010634 0.019727
1 0.911967 0.342876 0.024246 0.018567
1 0.932171 0.340119 0.017865 0.033943
1 0.954503 0.317636 0.019141 0.037714
1 0.981514 0.314735 0.017865 0.039455
1 0.890060 0.200578 0.014462 0.026400
1 0.889209 0.237712 0.018716 0.017697
1 0.898567 0.207831 0.011910 0.037424
1 0.918985 0.199272 0.017015 0.035973
1 0.946421 0.194486 0.018291 0.036844
1 0.970667 0.197242 0.026798 0.022628
1 0.993734 0.185492 0.012531 0.038584
1 0.980876 0.085550 0.021694 0.019147
1 0.960033 0.067854 0.024246 0.031912
1 0.943444 0.088887 0.017440 0.035103
1 0.924515 0.101796 0.018716 0.032492
1 0.910478 0.100346 0.019567 0.029011
1 0.899206 0.100201 0.008933 0.036263
0 0.987894 0.750766 0.022970 0.027270
0 0.985653 0.618623 0.028695 0.026400
0 0.980123 0.509252 0.039755 0.030461
0 0.988205 0.480822 0.023591 0.022918
0 0.980761 0.447604 0.038478 0.029011
0 0.991182 0.417143 0.017635 0.026690
0 0.980761 0.129792 0.038478 0.026400