0 0.338349 0.182574 0.151832 0.044895
0 0.469586 0.179082 0.109683 0.037246
0 0.559392 0.182075 0.046939 0.031926
0 0.676739 0.180745 0.184881 0.039242
0 0.804383 0.181909 0.079029 0.026272
0 0.283747 0.293149 0.053165 0.031260
0 0.337630 0.292318 0.051728 0.030928
0 0.454019 0.289657 0.125489 0.034919
0 0.574479 0.287163 0.083819 0.031926
0 0.636026 0.212504 0.046939 0.036249
0 0.636266 0.243931 0.044544 0.031926
0 0.647043 0.236615 0.017243 0.017293
0 0.650156 0.264383 0.019638 0.016295
0 0.633153 0.271866 0.029696 0.018623
0 0.642492 0.290988 0.046460 0.019621
0 0.806059 0.287995 0.090046 0.033588
0 0.780195 0.398736 0.133153 0.034919
0 0.672907 0.400732 0.074719 0.026937
0 0.506466 0.400233 0.248583 0.037912
0 0.357268 0.401064 0.052686 0.030928
0 0.294763 0.401729 0.082861 0.026272
0 0.311287 0.511141 0.129321 0.039574
0 0.430550 0.509810 0.106331 0.042235
0 0.511256 0.509977 0.046460 0.027270
0 0.588609 0.512138 0.114952 0.036914
0 0.674344 0.509478 0.030654 0.044895
0 0.766545 0.507483 0.160454 0.031593
0 0.857309 0.506984 0.039275 0.032591
0 0.445877 0.617226 0.194460 0.036914
0 0.587172 0.617226 0.091962 0.028267
0 0.675302 0.616561 0.090046 0.032258
0 0.781632 0.613236 0.126447 0.039574
0 0.289255 0.733455 0.069929 0.040572
0 0.375948 0.736947 0.091962 0.030263
0 0.439411 0.735783 0.029217 0.040572
0 0.523709 0.737113 0.130758 0.031926
0 0.633632 0.739275 0.093877 0.031593
0 0.725114 0.738610 0.081424 0.033588
0 0.794325 0.735284 0.055081 0.035584
0 0.978487 0.743931 0.022032 0.027602
0 0.955976 0.622381 0.022032 0.028600
0 0.981580 0.621383 0.036840 0.028600
0 0.945199 0.503824 0.020596 0.032258
0 0.972480 0.504323 0.055040 0.044563
0 0.958610 0.392584 0.051249 0.041237
0 0.990920 0.384436 0.018160 0.036249
0 0.979185 0.270037 0.041629 0.034919
0 0.945199 0.282674 0.030175 0.036914
0 0.963140 0.159129 0.073720 0.057200
2 0.546460 0.098603 0.567096 0.009977
2 0.546460 0.116063 0.561348 0.009644
2 0.549334 0.134519 0.574760 0.009977
2 0.543825 0.151979 0.571407 0.010974
2 0.433184 0.211174 0.355872 0.010974
2 0.431747 0.229298 0.334797 0.013302
2 0.432466 0.246259 0.343898 0.010642
2 0.433903 0.263385 0.346772 0.015630
2 0.798157 0.210343 0.093398 0.009312
2 0.807257 0.230296 0.102020 0.008646
2 0.799354 0.246924 0.096751 0.007316
2 0.800312 0.264217 0.084298 0.005986
2 0.539515 0.322913 0.571407 0.006319
2 0.542628 0.339375 0.564222 0.006651
2 0.543586 0.357998 0.569970 0.009977
2 0.544783 0.377785 0.564701 0.010974
2 0.545981 0.426837 0.575717 0.011307
2 0.543825 0.442966 0.571407 0.009644
2 0.540233 0.462421 0.570928 0.011307
2 0.545502 0.481044 0.569012 0.010642
2 0.588609 0.536415 0.501957 0.008979
2 0.592201 0.553375 0.493814 0.008314
2 0.588848 0.572996 0.494772 0.008979
2 0.590764 0.590622 0.488067 0.007649
2 0.547897 0.650648 0.590086 0.009977
2 0.547418 0.669438 0.587213 0.008979
2 0.544783 0.687729 0.588650 0.010309
2 0.546460 0.705853 0.577633 0.008646
2 0.974396 0.714167 0.051209 0.018623
2 0.972001 0.591952 0.055998 0.012970
2 0.970803 0.572165 0.058393 0.009977
2 0.969606 0.474892 0.060788 0.008979
2 0.969367 0.453941 0.061267 0.012970
2 0.965056 0.306119 0.069888 0.027270
2 0.962901 0.071500 0.074199 0.039574
1 0.930830 0.100599 0.016764 0.019288
1 0.944960 0.123213 0.012453 0.031260
1 0.931549 0.144330 0.014369 0.028267
1 0.961963 0.123379 0.014848 0.034253
1 0.984474 0.113735 0.018680 0.036249
1 0.993554 0.203359 0.012891 0.036581
1 0.973698 0.200200 0.017243 0.036249
1 0.946157 0.218490 0.013890 0.038244
1 0.934422 0.218656 0.013411 0.022614
1 0.934183 0.260392 0.011016 0.022281
1 0.937775 0.334885 0.012453 0.022281
1 0.945678 0.338045 0.010058 0.031260
1 0.956215 0.335384 0.011016 0.032591
1 0.968190 0.333888 0.011974 0.033588
1 0.978727 0.340206 0.011016 0.032923
1 0.992357 0.339042 0.015286 0.014633
1 0.940649 0.373462 0.012453 0.021616
1 0.942565 0.439142 0.013411 0.021949
1 0.943044 0.479381 0.013411 0.016628
1 0.952623 0.438477 0.010537 0.035916
1 0.964837 0.436482 0.011016 0.035251
1 0.977050 0.423678 0.011495 0.032923
1 0.993554 0.430662 0.012891 0.032923
1 0.945439 0.559361 0.014369 0.036914
1 0.955018 0.553375 0.009579 0.032258
1 0.973698 0.554539 0.016285 0.038577
1 0.987109 0.544396 0.013411 0.011640
1 0.990461 0.533921 0.013411 0.008646
1 0.994512 0.532424 0.010975 0.038244
1 0.950228 0.660293 0.009579 0.026605
1 0.956694 0.663119 0.009100 0.034919
1 0.963879 0.663119 0.011974 0.011640
1 0.964837 0.672265 0.010058 0.010642
1 0.973458 0.685567 0.011974 0.011307
1 0.973219 0.675923 0.008621 0.009977
1 0.981122 0.675424 0.013890 0.031593
1 0.986390 0.677918 0.008142 0.010642
1 0.989025 0.686897 0.013411 0.012637
1 0.994512 0.688726 0.010975 0.040239
1 0.950707 0.697373 0.017243 0.022281
1 0.843179 0.682574 0.050291 0.028600
1 0.783788 0.691220 0.027301 0.037246
1 0.733975 0.699202 0.026343 0.039907
1 0.712182 0.700366 0.035444 0.013635
1 0.724156 0.698204 0.056518 0.035916
1 0.690389 0.689558 0.011016 0.046558
1 0.664525 0.687562 0.041670 0.039242
1 0.614233 0.679747 0.022511 0.039574
1 0.575916 0.692717 0.029217 0.021616
1 0.541191 0.688893 0.022990 0.037246
1 0.493534 0.678251 0.027301 0.035916
1 0.441327 0.682241 0.025385 0.039907
1 0.398459 0.679082 0.022032 0.040905
1 0.354394 0.681743 0.022032 0.040905
1 0.328291 0.690223 0.010058 0.048553
1 0.316556 0.697539 0.035444 0.018623
1 0.286621 0.697539 0.031133 0.015963
1 0.253811 0.711506 0.026822 0.030595
1 0.263391 0.672098 0.032570 0.025607
1 0.347689 0.597107 0.024906 0.027270
1 0.352957 0.558198 0.031612 0.026605
1 0.377624 0.558031 0.027301 0.039574
1 0.413547 0.564516 0.039754 0.023279
1 0.451864 0.557366 0.023469 0.038909
1 0.500958 0.545893 0.028738 0.035916
1 0.563942 0.545394 0.035922 0.018291
1 0.597709 0.545062 0.029696 0.018291
1 0.618065 0.564017 0.015806 0.065514
1 0.647043 0.556535 0.030654 0.040572
1 0.694700 0.564350 0.034007 0.020951
1 0.736849 0.554373 0.027301 0.014965
1 0.752655 0.555537 0.027301 0.035251
1 0.744512 0.555703 0.040712 0.035584
1 0.802707 0.580645 0.025864 0.038909
1 0.845574 0.576987 0.047418 0.028932
1 0.827613 0.455604 0.022990 0.038244
1 0.811328 0.455271 0.021075 0.014965
1 0.794564 0.454273 0.022990 0.030928
1 0.770855 0.445793 0.022511 0.034586
1 0.752655 0.437645 0.020596 0.035584
1 0.720085 0.448786 0.026343 0.038577
1 0.684641 0.446126 0.027301 0.040572
1 0.648480 0.463751 0.012453 0.056535
1 0.623334 0.470569 0.038796 0.018956
1 0.565618 0.472398 0.032570 0.021284
1 0.516524 0.470070 0.024427 0.040572
1 0.481799 0.463585 0.025864 0.038244
1 0.457133 0.468906 0.023469 0.034919
1 0.436776 0.469238 0.025864 0.014965
1 0.444919 0.471068 0.044065 0.037246
1 0.414026 0.469737 0.028259 0.036581
1 0.386006 0.459095 0.014369 0.043898
1 0.369242 0.457266 0.022990 0.034253
1 0.339307 0.452112 0.027301 0.037912
1 0.290213 0.472065 0.022990 0.041237
1 0.263630 0.481543 0.023469 0.025607
1 0.267462 0.448454 0.034965 0.027270
1 0.263630 0.382607 0.023469 0.025274
1 0.266743 0.343199 0.026822 0.020286
1 0.292847 0.339707 0.019638 0.031260
1 0.311048 0.340206 0.022511 0.032923
1 0.329009 0.351181 0.018201 0.062188
1 0.353676 0.341869 0.026343 0.038909
1 0.410912 0.342035 0.024906 0.040572
1 0.468628 0.342368 0.031133 0.037912
1 0.519877 0.349684 0.025385 0.016628
1 0.534486 0.349019 0.022032 0.040572
1 0.526343 0.346691 0.040233 0.037912
1 0.579269 0.337546 0.025385 0.032923
1 0.619023 0.366811 0.029217 0.032923
1 0.658059 0.366977 0.032570 0.017293
1 0.691826 0.364982 0.032091 0.016628
1 0.713140 0.358996 0.015327 0.049884
1 0.738765 0.349518 0.022511 0.033588
1 0.775406 0.347855 0.026822 0.034253
1 0.812047 0.358497 0.025385 0.032923
1 0.841503 0.355005 0.046939 0.022614
1 0.872157 0.217659 0.047897 0.023279
1 0.757923 0.271034 0.019638 0.026272
1 0.760797 0.229132 0.024427 0.026272
1 0.790972 0.232125 0.035922 0.038909
1 0.815639 0.233622 0.023948 0.039242
1 0.836234 0.219322 0.021075 0.036581
1 0.604894 0.226139 0.011495 0.042900
1 0.590285 0.226472 0.023469 0.038244
1 0.574479 0.229963 0.027301 0.016628
1 0.562984 0.237779 0.025385 0.010309
1 0.539994 0.237779 0.020596 0.039574
1 0.514608 0.242933 0.013890 0.047223
1 0.490660 0.243931 0.036880 0.033256
1 0.459767 0.231460 0.045981 0.037579
1 0.432705 0.229465 0.019638 0.040239
1 0.420252 0.229631 0.027301 0.013967
1 0.411870 0.236615 0.023948 0.015963
1 0.384090 0.228633 0.017243 0.015963
1 0.374271 0.220486 0.019638 0.013635
1 0.364932 0.219654 0.031612 0.033256
1 0.330446 0.216994 0.051728 0.024609
1 0.305300 0.227303 0.020596 0.038577
1 0.290692 0.234453 0.023948 0.037579
1 0.266264 0.236116 0.030654 0.037579
1 0.268420 0.122880 0.021553 0.027935
1 0.301468 0.117226 0.035922 0.034586
1 0.344336 0.106917 0.033528 0.012637
1 0.363495 0.106917 0.024906 0.035251
1 0.350084 0.107582 0.047897 0.039907
1 0.398699 0.115065 0.043586 0.034253
1 0.435579 0.123545 0.023469 0.012637
1 0.444679 0.115065 0.018680 0.011640
1 0.458330 0.113901 0.019159 0.033256
1 0.470065 0.112903 0.036880 0.034586
1 0.505748 0.122547 0.037359 0.029930
1 0.528259 0.125540 0.010537 0.040572
1 0.553405 0.122714 0.020596 0.034919
1 0.592919 0.132358 0.026822 0.015630
1 0.609444 0.126206 0.022511 0.038577
1 0.635547 0.123379 0.021075 0.034253
1 0.678654 0.114732 0.029696 0.013635
1 0.712901 0.112737 0.033049 0.019621
1 0.744033 0.117226 0.029217 0.018623
1 0.774927 0.125540 0.021075 0.011307
1 0.783788 0.116561 0.021553 0.011972
1 0.799354 0.115231 0.019159 0.030595
1 0.810849 0.116395 0.018201 0.018291
1 0.818992 0.126704 0.020117 0.011640
1 0.849406 0.101929 0.043586 0.019288