0 0.347392 0.172553 0.177900 0.030189
0 0.456093 0.174921 0.033250 0.021902
0 0.509946 0.171764 0.071046 0.030189
0 0.579572 0.168410 0.060816 0.030584
0 0.679179 0.169890 0.138398 0.027624
0 0.778217 0.172257 0.057974 0.027624
0 0.323237 0.282952 0.121063 0.030387
0 0.427533 0.286898 0.079004 0.029597
0 0.500142 0.279301 0.057121 0.031373
0 0.547459 0.283938 0.022166 0.021705
0 0.601596 0.282459 0.050301 0.023875
0 0.664259 0.281867 0.068204 0.023875
0 0.726069 0.280189 0.057690 0.027624
0 0.734453 0.269633 0.028419 0.009274
0 0.785038 0.281867 0.057974 0.021507
0 0.295102 0.388516 0.072183 0.023283
0 0.388457 0.388812 0.115095 0.025848
0 0.484796 0.389700 0.074741 0.022889
0 0.553285 0.390687 0.040639 0.018153
0 0.555132 0.378946 0.032397 0.008879
0 0.555274 0.388319 0.045754 0.029203
0 0.593071 0.391969 0.038365 0.020324
0 0.633851 0.392068 0.038081 0.021705
0 0.667385 0.391673 0.026145 0.020126
0 0.740421 0.390391 0.173921 0.029400
0 0.310733 0.500296 0.100033 0.027427
0 0.399540 0.500691 0.077583 0.025454
0 0.512220 0.499803 0.140956 0.031965
0 0.612680 0.498421 0.053711 0.030387
0 0.703761 0.497928 0.120495 0.033741
0 0.805783 0.494376 0.076162 0.029400
0 0.284019 0.610695 0.040923 0.026046
0 0.324231 0.612076 0.042912 0.026046
0 0.364301 0.616219 0.046322 0.033938
0 0.401814 0.610399 0.028703 0.033741
0 0.466466 0.609017 0.104012 0.025454
0 0.581987 0.609511 0.113390 0.027230
0 0.754488 0.606058 0.185005 0.030189
0 0.304054 0.723954 0.080424 0.027230
0 0.412755 0.724645 0.126178 0.040845
0 0.522593 0.730959 0.088950 0.037293
0 0.646071 0.720797 0.155734 0.029597
0 0.745820 0.723461 0.039786 0.024665
0 0.803368 0.720600 0.079856 0.032360
2 0.555360 0.692673 0.579196 0.006613
2 0.549258 0.674178 0.575922 0.008886
2 0.553723 0.655476 0.560445 0.008679
2 0.554616 0.636567 0.574136 0.008060
2 0.552979 0.582320 0.564910 0.011986
2 0.545389 0.562688 0.569374 0.009506
2 0.550598 0.544709 0.550028 0.010333
2 0.545836 0.524353 0.570862 0.009299
2 0.538841 0.472070 0.565802 0.010539
2 0.539883 0.454194 0.550623 0.008679
2 0.549705 0.437145 0.551218 0.006406
2 0.543901 0.418650 0.561040 0.007026
2 0.536758 0.356757 0.564017 0.008060
2 0.551640 0.337951 0.566398 0.005580
2 0.542413 0.321316 0.544373 0.005786
2 0.536460 0.303543 0.552707 0.007026
2 0.539883 0.251363 0.553004 0.009713
2 0.535418 0.232764 0.547647 0.010126
2 0.545687 0.216335 0.545563 0.007026
2 0.541074 0.199493 0.550623 0.008060
2 0.530507 0.149999 0.555683 0.009506
2 0.537055 0.132020 0.560445 0.010746
2 0.545836 0.117555 0.550028 0.009506
2 0.533037 0.096786 0.556576 0.010953
1 0.265464 0.125407 0.023215 0.031411
1 0.293740 0.128817 0.020239 0.034511
1 0.326628 0.117451 0.022323 0.031618
1 0.350141 0.108565 0.020537 0.036164
1 0.393596 0.117141 0.028275 0.035545
1 0.413240 0.115178 0.011012 0.040711
1 0.455504 0.126544 0.028275 0.036991
1 0.501935 0.119724 0.025299 0.019219
1 0.538544 0.118175 0.028871 0.016946
1 0.571432 0.125717 0.039883 0.031205
1 0.562057 0.124477 0.022918 0.013846
1 0.603725 0.117555 0.021132 0.039264
1 0.635275 0.124167 0.033633 0.028518
1 0.677985 0.123341 0.045836 0.034305
1 0.720547 0.139563 0.020834 0.031618
1 0.767722 0.136153 0.020537 0.010746
1 0.787961 0.139460 0.024108 0.033891
1 0.778586 0.139150 0.042264 0.034925
1 0.831416 0.110012 0.046133 0.025005
1 0.266952 0.223568 0.026192 0.032238
1 0.295674 0.218195 0.031252 0.016946
1 0.319485 0.219745 0.025894 0.034925
1 0.363535 0.217369 0.034823 0.019426
1 0.415323 0.226978 0.022323 0.034098
1 0.448360 0.226151 0.038395 0.031618
1 0.486606 0.219435 0.024406 0.038024
1 0.507590 0.206933 0.018156 0.015086
1 0.521430 0.211789 0.023215 0.037198
1 0.517412 0.211789 0.036609 0.040918
1 0.556699 0.213959 0.049705 0.027485
1 0.602535 0.224188 0.020537 0.032651
1 0.618012 0.217679 0.011608 0.035338
1 0.633638 0.215612 0.017858 0.016326
1 0.644204 0.206519 0.018156 0.015912
1 0.661615 0.207862 0.022620 0.033891
1 0.679176 0.200113 0.022620 0.036164
1 0.703284 0.200320 0.028573 0.017152
1 0.736322 0.199080 0.027382 0.015912
1 0.787961 0.209102 0.020537 0.034718
1 0.839303 0.200836 0.041074 0.022732
1 0.264869 0.327929 0.023215 0.034305
1 0.295972 0.322349 0.018751 0.034718
1 0.353415 0.312843 0.021727 0.012399
1 0.372464 0.317699 0.025894 0.038231
1 0.399697 0.323072 0.020239 0.034511
1 0.437794 0.321936 0.022025 0.014052
1 0.469939 0.331442 0.035121 0.031411
1 0.499851 0.324622 0.024704 0.038851
1 0.550449 0.331132 0.041966 0.030791
1 0.588249 0.331752 0.053277 0.033271
1 0.608190 0.353864 0.022918 0.026245
1 0.632298 0.348077 0.022918 0.040711
1 0.620095 0.333302 0.008631 0.039678
1 0.677390 0.346941 0.029763 0.019426
1 0.717422 0.346424 0.021727 0.034511
1 0.758198 0.327515 0.020537 0.028932
1 0.800462 0.327619 0.023513 0.034098
1 0.835582 0.312120 0.038395 0.021285
1 0.267845 0.445412 0.023215 0.033685
1 0.295972 0.445412 0.031252 0.029965
1 0.333176 0.464424 0.037204 0.032858
1 0.374845 0.445928 0.026489 0.035131
1 0.418448 0.432496 0.044645 0.026038
1 0.446277 0.441588 0.013989 0.038851
1 0.462796 0.446341 0.018453 0.036371
1 0.503125 0.428569 0.025299 0.034305
1 0.552830 0.428776 0.025299 0.016946
1 0.603577 0.428673 0.038097 0.030378
1 0.661020 0.445412 0.041669 0.032858
1 0.707600 0.437145 0.024108 0.034098
1 0.730666 0.428053 0.019049 0.012606
1 0.749120 0.431152 0.027382 0.034511
1 0.742572 0.430842 0.043455 0.035545
1 0.790491 0.433426 0.062503 0.029138
1 0.843619 0.430842 0.043157 0.028932
1 0.846297 0.539129 0.037800 0.026038
1 0.821147 0.549565 0.010120 0.043604
1 0.807605 0.551012 0.022918 0.036578
1 0.768615 0.543572 0.028275 0.040298
1 0.749864 0.542229 0.019346 0.016532
1 0.761174 0.546775 0.045538 0.045051
1 0.715189 0.556075 0.046431 0.043811
1 0.706558 0.560621 0.028573 0.017359
1 0.680069 0.571057 0.030359 0.015912
1 0.633935 0.569611 0.012501 0.039058
1 0.601047 0.571367 0.058634 0.038851
1 0.548366 0.554318 0.061015 0.038231
1 0.492708 0.553078 0.039585 0.030378
1 0.456099 0.545536 0.025299 0.039678
1 0.411454 0.555972 0.022918 0.035751
1 0.362344 0.568784 0.024108 0.035338
1 0.329158 0.552975 0.025597 0.035131
1 0.308324 0.550805 0.011310 0.040298
1 0.295079 0.555145 0.023513 0.032031
1 0.269482 0.551735 0.028275 0.032651
1 0.268441 0.661365 0.024406 0.031205
1 0.294335 0.664258 0.023215 0.034511
1 0.327819 0.665808 0.041371 0.028105
1 0.372613 0.658059 0.023811 0.037404
1 0.406394 0.642973 0.042562 0.024592
1 0.448658 0.665705 0.019346 0.033271
1 0.464135 0.661882 0.011608 0.043811
1 0.496280 0.646176 0.022918 0.035545
1 0.543306 0.648243 0.025894 0.018599
1 0.582593 0.648553 0.023513 0.036991
1 0.619202 0.653202 0.023513 0.035958
1 0.656556 0.663225 0.036311 0.032858
1 0.693165 0.657439 0.025597 0.039058
1 0.739000 0.645660 0.020239 0.032858
1 0.771591 0.654029 0.025894 0.016946
1 0.787068 0.655372 0.024108 0.038231
1 0.780074 0.655682 0.039883 0.043811
1 0.820106 0.663225 0.017560 0.035338
1 0.829481 0.655889 0.013691 0.044637
1 0.851804 0.651859 0.022620 0.018392
1 0.988878 0.093966 0.018003 0.031034
1 0.987016 0.181681 0.018003 0.021121
1 0.990870 0.216379 0.018261 0.033621
1 0.979567 0.298707 0.019245 0.018966
1 0.989189 0.302586 0.014899 0.037931
1 0.979256 0.343103 0.014899 0.029310
1 0.978946 0.420043 0.015520 0.030603
1 0.984843 0.422629 0.014899 0.032328
1 0.978325 0.464655 0.013037 0.025862
1 0.981119 0.531466 0.013658 0.022414
1 0.979877 0.572414 0.009933 0.019828
1 0.987016 0.578017 0.015520 0.036207
1 0.981119 0.644397 0.009933 0.023276
1 0.985775 0.651940 0.013037 0.035776
1 0.994594 0.653017 0.010811 0.036207
1 0.980187 0.686853 0.013037 0.027155
0 0.985903 0.727155 0.028193 0.041379
0 0.987145 0.606897 0.025710 0.032759
0 0.985903 0.501940 0.028193 0.034914
0 0.984662 0.379526 0.030677 0.040086
0 0.987455 0.264224 0.025089 0.050862
0 0.984972 0.151940 0.030056 0.034914