2 0.521948 0.098729 0.487424 0.008269
2 0.520283 0.108948 0.480767 0.009049
2 0.419595 0.119636 0.280638 0.005773
2 0.659562 0.115970 0.205122 0.007489
2 0.414290 0.129466 0.265036 0.005773
2 0.653321 0.125799 0.214691 0.004681
2 0.431141 0.158175 0.067819 0.004213
2 0.525900 0.155600 0.127109 0.005617
2 0.674437 0.153650 0.175373 0.005773
2 0.436237 0.168004 0.066779 0.004213
2 0.528397 0.165586 0.121284 0.005617
2 0.675061 0.163089 0.175789 0.003121
2 0.441542 0.177288 0.084046 0.004057
2 0.559186 0.174635 0.157066 0.004369
2 0.703458 0.172529 0.135222 0.003589
2 0.701793 0.182593 0.134806 0.004057
2 0.446639 0.186727 0.091743 0.002340
2 0.564387 0.184933 0.154569 0.005617
2 0.366442 0.215670 0.173917 0.003121
2 0.492303 0.214344 0.087374 0.004525
2 0.555857 0.213252 0.041815 0.003277
2 0.668092 0.211067 0.184318 0.003901
2 0.396087 0.224407 0.231542 0.003433
2 0.589559 0.222535 0.157898 0.004681
2 0.716356 0.220273 0.100689 0.002652
2 0.387141 0.235095 0.212819 0.002652
2 0.528605 0.233301 0.075100 0.004681
2 0.663723 0.229946 0.198465 0.006085
2 0.303096 0.243911 0.042231 0.004993
2 0.357080 0.244379 0.066571 0.003433
2 0.442479 0.244379 0.112963 0.003745
2 0.519139 0.243443 0.048264 0.004681
2 0.652177 0.240322 0.221557 0.006241
2 0.518827 0.268407 0.487008 0.006241
2 0.463282 0.279172 0.370925 0.005305
2 0.705850 0.277378 0.115875 0.002652
2 0.698777 0.286896 0.122116 0.004837
2 0.603393 0.287208 0.071564 0.004213
2 0.529229 0.289158 0.079677 0.004057
2 0.406385 0.289626 0.168092 0.003121
2 0.303616 0.289002 0.041607 0.001872
2 0.320050 0.297662 0.077389 0.002964
2 0.401808 0.298598 0.090703 0.003901
2 0.511234 0.299066 0.132726 0.002652
2 0.663307 0.296569 0.198465 0.005461
2 0.814020 0.096017 0.102516 0.005511
2 0.813320 0.105726 0.110913 0.001312
2 0.812970 0.115697 0.106014 0.003936
2 0.811746 0.124357 0.105665 0.003411
2 0.844285 0.152566 0.168644 0.005248
2 0.842535 0.162538 0.164445 0.005248
2 0.847609 0.172379 0.160596 0.004986
2 0.847434 0.182481 0.163045 0.003674
2 0.842010 0.209641 0.166894 0.006035
2 0.845859 0.220138 0.161996 0.006560
2 0.842885 0.229322 0.166544 0.005511
2 0.843935 0.238113 0.167944 0.005773
2 0.806847 0.266453 0.094468 0.003149
2 0.810521 0.276687 0.094818 0.003149
2 0.808072 0.285872 0.100416 0.004723
2 0.809296 0.294531 0.097967 0.003149
2 0.608464 0.327464 0.648683 0.008135
2 0.607589 0.337567 0.648333 0.008397
2 0.608464 0.347670 0.649382 0.007610
2 0.609163 0.356329 0.649382 0.006560
2 0.610854 0.381066 0.654162 0.008088
2 0.612203 0.389483 0.661759 0.007200
2 0.612653 0.400107 0.661961 0.010094
2 0.612438 0.410194 0.652432 0.008519
2 0.231115 0.492259 0.075225 0.003936
2 0.231290 0.502362 0.072776 0.004723
2 0.229716 0.513645 0.066828 0.002099
2 0.227791 0.526766 0.058780 0.005248
2 0.618906 0.436455 0.663269 0.011197
2 0.616035 0.445744 0.660326 0.010896
2 0.619138 0.456691 0.667932 0.009051
2 0.618580 0.466397 0.666816 0.011575
2 0.587813 0.493745 0.605283 0.009361
2 0.585225 0.501819 0.602206 0.005148
2 0.586613 0.513843 0.607080 0.008311
2 0.584559 0.523421 0.602973 0.008789
2 0.614225 0.548145 0.667203 0.009724
2 0.613561 0.558329 0.660977 0.008250
2 0.615222 0.568355 0.665698 0.007617
2 0.612277 0.577111 0.660507 0.010047
2 0.356898 0.608639 0.144152 0.005248
2 0.370193 0.618873 0.167944 0.004723
2 0.374742 0.628320 0.183339 0.004199
2 0.383489 0.638029 0.191736 0.005773
2 0.418652 0.661252 0.280256 0.007610
2 0.417078 0.671749 0.276407 0.006560
2 0.417778 0.681983 0.275708 0.004986
2 0.421101 0.691692 0.277457 0.008135
2 0.335905 0.717933 0.115461 0.005511
2 0.329782 0.726986 0.101116 0.004199
2 0.340803 0.737089 0.128757 0.005511
2 0.347101 0.746405 0.133655 0.007348
2 0.358123 0.772909 0.153599 0.004199
2 0.360222 0.781699 0.149400 0.005511
2 0.358123 0.792196 0.152199 0.006560
2 0.362671 0.803086 0.157797 0.005248
2 0.772330 0.770153 0.362720 0.006560
2 0.764744 0.778520 0.358746 0.005572
2 0.765808 0.788677 0.360174 0.005726
2 0.760663 0.798231 0.348483 0.005511
2 0.894843 0.659153 0.087821 0.004986
2 0.897642 0.669649 0.081523 0.003411
2 0.897292 0.678178 0.087121 0.003149
2 0.897817 0.687887 0.090270 0.003149
2 0.506116 0.606268 0.161542 0.008225
2 0.761504 0.604370 0.350922 0.008225
2 0.767831 0.613544 0.330676 0.006327
2 0.526572 0.616074 0.153528 0.005694
2 0.544920 0.626672 0.163229 0.008541
2 0.777532 0.622876 0.315492 0.006010
2 0.877916 0.632366 0.109663 0.008541
2 0.708360 0.634738 0.237884 0.010123
2 0.536062 0.636478 0.113459 0.008541
2 0.670399 0.715562 0.565186 0.007908
2 0.908284 0.723470 0.076764 0.008541
2 0.803893 0.724894 0.137079 0.005061
2 0.683896 0.725527 0.120629 0.006959
2 0.501476 0.727266 0.250960 0.008541
2 0.497469 0.736440 0.191488 0.006010
2 0.690645 0.734858 0.199081 0.004745
2 0.869902 0.734542 0.166182 0.005378
2 0.847969 0.744190 0.199081 0.006327
2 0.671243 0.744981 0.163651 0.007908
2 0.500211 0.746405 0.184318 0.007592
0 0.310831 0.147107 0.039226 0.016766
0 0.305137 0.161658 0.032055 0.012337
0 0.332445 0.161674 0.022776 0.012653
0 0.353431 0.160077 0.024042 0.016133
0 0.304505 0.176843 0.032477 0.015500
0 0.340778 0.174628 0.050192 0.010439
0 0.303661 0.187756 0.023198 0.011388
0 0.321798 0.186807 0.019824 0.013286
0 0.339302 0.180480 0.018558 0.008857
0 0.355118 0.188072 0.043443 0.011388
0 0.380003 0.201359 0.022354 0.014551
0 0.355118 0.203415 0.037538 0.018031
0 0.317791 0.199144 0.051457 0.014551
0 0.464149 0.230145 0.032055 0.017082
0 0.459509 0.257666 0.023620 0.022776
0 0.488823 0.257034 0.023198 0.014551
0 0.893732 0.095702 0.053566 0.018347
0 0.881079 0.111677 0.028259 0.014868
0 0.908073 0.109621 0.024042 0.015184
0 0.898372 0.125754 0.053566 0.015184
0 0.883399 0.140306 0.022776 0.012021
0 0.907018 0.139515 0.037960 0.015500
0 0.865895 0.266049 0.035008 0.016766
0 0.894787 0.266524 0.023620 0.017715
0 0.916298 0.266365 0.019402 0.016133
0 0.888882 0.280759 0.074233 0.013286
0 0.872643 0.293887 0.043443 0.013602
0 0.391602 0.387838 0.021089 0.015500
0 0.411426 0.390053 0.021089 0.018031
0 0.401725 0.406344 0.040491 0.015184
0 0.755599 0.437503 0.046396 0.016133
0 0.750327 0.451422 0.035851 0.012970
0 0.778797 0.450631 0.019402 0.013919
0 0.764878 0.463443 0.056519 0.015500
0 0.767409 0.479418 0.053988 0.018347
0 0.896474 0.492704 0.026994 0.018980
0 0.924522 0.494127 0.029103 0.022460
0 0.907018 0.515796 0.046396 0.016449
0 0.484183 0.612595 0.060315 0.019613
0 0.523409 0.611488 0.026572 0.015500
0 0.550825 0.610697 0.033321 0.017715
0 0.577819 0.611804 0.023198 0.019296
0 0.566641 0.663841 0.026150 0.014551
0 0.594268 0.664157 0.033321 0.013919
0 0.562213 0.679974 0.021511 0.018347
0 0.588785 0.676969 0.031634 0.014235
0 0.584145 0.689939 0.038382 0.012970
0 0.584567 0.704648 0.062002 0.018347
0 0.645514 0.665739 0.044709 0.018347
0 0.646358 0.683770 0.071703 0.016449
0 0.637079 0.700694 0.032899 0.013602
0 0.663018 0.702750 0.023198 0.016449
0 0.693808 0.666055 0.050192 0.017082
0 0.693386 0.685510 0.029946 0.013602
0 0.698870 0.700852 0.054410 0.015817
0 0.740415 0.699429 0.032055 0.021194
0 0.761504 0.701485 0.017715 0.012653
0 0.776056 0.699745 0.016449 0.016133
0 0.797145 0.701643 0.023198 0.016766
0 0.716374 0.682821 0.017715 0.015817
0 0.732612 0.686934 0.019824 0.017082
0 0.746742 0.683770 0.016028 0.011388
0 0.764246 0.686617 0.013075 0.020245
0 0.784702 0.683928 0.021933 0.011704
0 0.753912 0.666214 0.073390 0.018031
0 0.825615 0.679025 0.021089 0.018347
0 0.827302 0.664316 0.022776 0.014235
0 0.846282 0.668586 0.016028 0.029103
0 0.447910 0.775824 0.031634 0.017082
0 0.492197 0.776298 0.053566 0.016766
0 0.528681 0.775824 0.027838 0.013286
0 0.556940 0.775508 0.024463 0.012653
0 0.441583 0.794171 0.024042 0.012653
0 0.467523 0.792748 0.032055 0.012337
0 0.496837 0.791166 0.024885 0.018031
0 0.523620 0.790534 0.034586 0.012970
0 0.555675 0.790534 0.033742 0.019296
0 0.442216 0.812044 0.026994 0.023092
0 0.495782 0.805085 0.086887 0.014868
0 0.626534 0.816948 0.053144 0.018980
0 0.682420 0.816157 0.023198 0.015500
0 0.727129 0.816157 0.062002 0.020562
0 0.811485 0.816789 0.056097 0.016133
0 0.866317 0.815682 0.055253 0.015817
0 0.909549 0.815682 0.025307 0.017715
0 0.932958 0.813468 0.015606 0.017715
0 0.381690 0.818055 0.084778 0.016766
0 0.312097 0.821376 0.029103 0.016449
0 0.335927 0.758900 0.082669 0.014235
0 0.416277 0.757318 0.078029 0.016766
0 0.482074 0.760323 0.042600 0.014551
0 0.515606 0.759374 0.023620 0.017715
0 0.553355 0.759216 0.049348 0.020562
0 0.593003 0.756844 0.033321 0.014551
0 0.667869 0.755104 0.092792 0.017398
0 0.749062 0.756369 0.073812 0.015500
0 0.800941 0.756053 0.029103 0.019296
0 0.838268 0.756369 0.047239 0.017398
0 0.900059 0.756369 0.073812 0.018031
0 0.915032 0.700694 0.037960 0.016133
0 0.511810 0.703541 0.080138 0.016766
0 0.423447 0.705756 0.083091 0.023725
0 0.338458 0.704648 0.079295 0.018347
0 0.328546 0.650081 0.066220 0.019929
0 0.407630 0.650081 0.088574 0.014235
0 0.650998 0.649132 0.048083 0.020562
0 0.695706 0.648657 0.043022 0.017082
0 0.754123 0.647866 0.072968 0.018031
0 0.809798 0.648024 0.042600 0.016449
0 0.856405 0.645968 0.056519 0.021194
0 0.913556 0.647550 0.057784 0.016133
0 0.874752 0.595354 0.102493 0.021194
0 0.789342 0.591875 0.071703 0.016133
0 0.736408 0.593298 0.031634 0.015817
0 0.681577 0.594247 0.077186 0.017082
0 0.611139 0.594089 0.066220 0.016766
0 0.542811 0.592033 0.068750 0.019613
0 0.471108 0.594089 0.074655 0.018031
0 0.397507 0.597569 0.076764 0.023725
0 0.344152 0.599467 0.029103 0.021827
0 0.231326 0.536991 0.063267 0.017082
0 0.353009 0.535409 0.054410 0.017082
0 0.393289 0.537781 0.025307 0.016133
0 0.433780 0.537307 0.061580 0.022776
0 0.478700 0.535093 0.028259 0.018347
0 0.519824 0.534460 0.066641 0.017715
0 0.583302 0.535093 0.059471 0.018980
0 0.625269 0.536358 0.024463 0.016449
0 0.667869 0.536674 0.060736 0.015184
0 0.715741 0.533985 0.040069 0.016766
0 0.760028 0.535725 0.053566 0.022776
0 0.831731 0.533985 0.086465 0.018031
0 0.739782 0.536200 0.085621 0.021194
0 0.848813 0.478943 0.046396 0.018031
0 0.900270 0.476729 0.075921 0.016766
0 0.692332 0.479576 0.085200 0.018031
0 0.599329 0.482106 0.091526 0.020562
0 0.539015 0.478468 0.035008 0.016449
0 0.490088 0.483372 0.067907 0.022460
0 0.432515 0.481948 0.060736 0.017082
0 0.382956 0.483846 0.053566 0.017715
0 0.329811 0.483530 0.063689 0.018347
0 0.334873 0.424850 0.078873 0.018664
0 0.498102 0.425957 0.085621 0.018347
0 0.593846 0.422477 0.106711 0.019613
0 0.704564 0.422003 0.113881 0.019296
0 0.802628 0.423110 0.078029 0.015184
0 0.850289 0.423268 0.029103 0.019296
0 0.890991 0.421686 0.068328 0.024991
0 0.919883 0.365537 0.042600 0.015817
0 0.861888 0.366644 0.082669 0.017398
0 0.784913 0.364588 0.083091 0.018980
0 0.685162 0.367593 0.115568 0.015500
0 0.617466 0.367277 0.031634 0.016133
0 0.540280 0.368542 0.121051 0.014235
0 0.467734 0.370598 0.029946 0.013919
0 0.438842 0.371073 0.026994 0.014235
0 0.379582 0.369807 0.093214 0.016133
0 0.330233 0.312867 0.078873 0.018031
0 0.398773 0.312550 0.060736 0.020562
0 0.450019 0.314290 0.023198 0.015817
0 0.313362 0.350194 0.038382 0.054726
0 0.477013 0.314290 0.036695 0.016449
0 0.441162 0.412038 0.037538 0.046818
0 0.811063 0.461070 0.035008 0.055675
0 0.313362 0.577482 0.033321 0.059471
0 0.601016 0.632049 0.035008 0.060420
0 0.879392 0.688832 0.034164 0.051246
0 0.584145 0.799233 0.032477 0.068961
0 0.529314 0.315239 0.075499 0.021511
0 0.637290 0.313183 0.141297 0.021194
0 0.730714 0.310336 0.051457 0.015500
0 0.806846 0.309862 0.085621 0.018347
0 0.326015 0.258932 0.062845 0.017082
0 0.401303 0.257983 0.079295 0.015817
0 0.544709 0.244380 0.107132 0.041756
0 0.633915 0.254503 0.068750 0.019613
0 0.684107 0.253238 0.035851 0.013919
0 0.724176 0.254661 0.041756 0.020562
0 0.762348 0.254977 0.035430 0.021194
0 0.804526 0.251814 0.056519 0.017398
0 0.852398 0.252921 0.039226 0.019613
0 0.896263 0.253712 0.048505 0.017398
0 0.875174 0.194399 0.100806 0.022143
0 0.810431 0.194399 0.031212 0.014551
0 0.754123 0.194241 0.080560 0.017398
0 0.670189 0.195664 0.088996 0.014551
0 0.614303 0.197404 0.025307 0.018664
0 0.589628 0.196297 0.040913 0.017715
0 0.534586 0.200093 0.072546 0.024042
0 0.474904 0.197563 0.056940 0.019613
0 0.459931 0.214170 0.022776 0.014868
0 0.438420 0.198986 0.017715 0.018031
0 0.407208 0.181113 0.036273 0.049348
0 0.359435 0.146006 0.055934 0.019638
0 0.429393 0.144699 0.086117 0.014411
0 0.495139 0.142789 0.046300 0.015452
0 0.546300 0.141139 0.054633 0.013543
0 0.605447 0.143397 0.064125 0.020140
0 0.656955 0.139924 0.034262 0.016668
0 0.724090 0.140792 0.098155 0.023266
0 0.822242 0.139666 0.089570 0.017582
1 0.285233 0.100103 0.009444 0.020967
1 0.305538 0.108744 0.008500 0.015017
1 0.320177 0.118024 0.007933 0.015158
1 0.351722 0.112640 0.008311 0.015725
1 0.369572 0.112995 0.011144 0.011050
1 0.403289 0.129074 0.012467 0.015158
1 0.426333 0.113915 0.010956 0.013742
1 0.445600 0.119228 0.009822 0.013317
1 0.461750 0.119299 0.010011 0.013742
1 0.487344 0.129074 0.015111 0.017142
1 0.508783 0.128720 0.015678 0.015583
1 0.553928 0.129499 0.010389 0.011475
1 0.599450 0.134882 0.009633 0.017708
1 0.632412 0.129499 0.009067 0.013175
1 0.659989 0.119724 0.013978 0.016858
1 0.691062 0.115545 0.012278 0.015583
1 0.709101 0.115261 0.012844 0.019550
1 0.421422 0.157832 0.009067 0.018275
1 0.434550 0.189424 0.008878 0.009775
1 0.461183 0.174336 0.011144 0.014450
1 0.483850 0.181349 0.010389 0.014592
1 0.510106 0.185316 0.008878 0.016858
1 0.529089 0.192966 0.009822 0.014875
1 0.550717 0.187936 0.007367 0.011333
1 0.588778 0.184324 0.009067 0.012042
1 0.614750 0.184607 0.010389 0.012042
1 0.650356 0.176249 0.010578 0.016575
1 0.694462 0.182057 0.010389 0.016575
1 0.281644 0.213507 0.010200 0.021392
1 0.301949 0.245878 0.008122 0.013033
1 0.321405 0.237237 0.020589 0.012183
1 0.339822 0.246657 0.009444 0.013742
1 0.351344 0.247366 0.008311 0.014875
1 0.375427 0.237732 0.006989 0.013458
1 0.386666 0.239220 0.009067 0.015583
1 0.398755 0.239078 0.009444 0.014733
1 0.409239 0.242266 0.008878 0.014308
1 0.421044 0.250199 0.010956 0.011475
1 0.434928 0.247295 0.008878 0.015017
1 0.541650 0.217049 0.008878 0.015725
1 0.560539 0.216978 0.013789 0.018417
1 0.582922 0.211028 0.024178 0.013317
1 0.618434 0.216624 0.009444 0.017142
1 0.639306 0.217191 0.014167 0.023375
1 0.657534 0.210178 0.023422 0.012750
1 0.687284 0.215774 0.013411 0.022242
1 0.717884 0.218466 0.010389 0.015442
1 0.724401 0.287812 0.010956 0.009633
1 0.696728 0.286324 0.008878 0.015442
1 0.684356 0.281933 0.010200 0.016008
1 0.657534 0.277895 0.019267 0.017567
1 0.618339 0.286608 0.008122 0.014308
1 0.602095 0.290433 0.009256 0.010625
1 0.580845 0.286112 0.009444 0.013600
1 0.551000 0.282358 0.007933 0.013458
1 0.532961 0.286891 0.009633 0.015158
1 0.516339 0.283774 0.008500 0.015725
1 0.492539 0.278178 0.008500 0.015583
1 0.478939 0.288237 0.009633 0.017000
1 0.452589 0.289795 0.013600 0.017000
1 0.431339 0.288166 0.010011 0.016858
1 0.422461 0.286466 0.011522 0.010908
1 0.410655 0.282783 0.010578 0.017425
1 0.380244 0.284837 0.010200 0.015300
1 0.348511 0.283420 0.008689 0.013317
1 0.312149 0.278178 0.012656 0.015867
1 0.287688 0.269537 0.009444 0.016433
1 0.287499 0.329674 0.009822 0.017142
1 0.341333 0.360062 0.007178 0.012183
1 0.367588 0.355387 0.007556 0.010767
1 0.387327 0.345045 0.007367 0.011050
1 0.415755 0.341787 0.010956 0.015300
1 0.446733 0.343416 0.010578 0.015442
1 0.466755 0.343699 0.009822 0.015158
1 0.497450 0.336333 0.008500 0.011758
1 0.521156 0.346320 0.011333 0.010200
1 0.537400 0.340087 0.007178 0.009917
1 0.553834 0.340016 0.012089 0.010058
1 0.579711 0.340724 0.011333 0.012042
1 0.614278 0.346108 0.012089 0.023942
1 0.644878 0.346179 0.010200 0.013317
1 0.665939 0.347949 0.009633 0.015725
1 0.695406 0.355245 0.013411 0.016433
1 0.724212 0.355316 0.011711 0.017425
1 0.724306 0.387191 0.008878 0.013742
1 0.700128 0.390662 0.011900 0.013033
1 0.666978 0.396612 0.009067 0.013600
1 0.624667 0.392079 0.009822 0.016150
1 0.590950 0.387545 0.010767 0.015583
1 0.561578 0.397816 0.009822 0.012325
1 0.531450 0.399233 0.008122 0.014025
1 0.515678 0.398312 0.008689 0.011617
1 0.490556 0.407733 0.009067 0.012325
1 0.462222 0.412691 0.008311 0.012042
1 0.373822 0.405608 0.009822 0.016575
1 0.364094 0.401145 0.011522 0.013033
1 0.352666 0.390237 0.007933 0.013317
1 0.340105 0.396045 0.009633 0.013033
1 0.323388 0.402279 0.007933 0.015583
1 0.309599 0.397320 0.008689 0.016150
1 0.289199 0.381808 0.013222 0.018842
1 0.290427 0.439396 0.011900 0.018983
1 0.312149 0.456821 0.011522 0.012467
1 0.331416 0.458591 0.010011 0.014875
1 0.373538 0.469287 0.015678 0.018700
1 0.392333 0.469287 0.013978 0.020400
1 0.432472 0.468650 0.008878 0.013742
1 0.478467 0.472050 0.007178 0.011758
1 0.516717 0.468437 0.008878 0.013317
1 0.545239 0.457671 0.013789 0.017000
1 0.566111 0.452854 0.010956 0.011050
1 0.589439 0.454129 0.016811 0.016717
1 0.617300 0.460575 0.010200 0.009775
1 0.632884 0.462842 0.011900 0.013458
1 0.663862 0.448321 0.009256 0.014450
1 0.675856 0.452571 0.008689 0.012750
1 0.687190 0.447541 0.009067 0.012892
1 0.701073 0.443291 0.008878 0.012608
1 0.716467 0.452146 0.011333 0.013317
1 0.729973 0.458025 0.011900 0.016008
1 0.291655 0.497267 0.012844 0.017425
1 0.310922 0.505908 0.023045 0.014875
1 0.344449 0.510300 0.011522 0.015725
1 0.362016 0.512921 0.010389 0.013600
1 0.392711 0.516675 0.009444 0.011758
1 0.424539 0.511008 0.010767 0.011192
1 0.453533 0.524254 0.009067 0.011617
1 0.481489 0.519154 0.017000 0.020967
1 0.510861 0.525175 0.008500 0.013175
1 0.539856 0.519933 0.012089 0.015158
1 0.571117 0.510796 0.011522 0.017000
1 0.593028 0.516533 0.017567 0.019125
1 0.609178 0.525458 0.010956 0.017708
1 0.630428 0.510512 0.011144 0.015867
1 0.656589 0.514267 0.013978 0.016858
1 0.679445 0.523546 0.015111 0.015867
1 0.708628 0.523121 0.010011 0.013033
1 0.733250 0.514376 0.019456 0.013033
1 0.704473 0.563709 0.011900 0.012608
1 0.686434 0.561796 0.012467 0.017000
1 0.663201 0.574475 0.011711 0.012325
1 0.622778 0.561158 0.010578 0.014592
1 0.597184 0.560096 0.008122 0.013033
1 0.563089 0.566259 0.008689 0.012892
1 0.547317 0.562079 0.008878 0.016150
1 0.531639 0.557617 0.008122 0.014875
1 0.496978 0.563354 0.009822 0.016150
1 0.477428 0.566542 0.010011 0.014025
1 0.458917 0.563779 0.010011 0.016433
1 0.420950 0.563779 0.009256 0.015017
1 0.389216 0.563567 0.010011 0.016575
1 0.366172 0.576742 0.009633 0.012892
1 0.337555 0.583613 0.009067 0.013883
1 0.287027 0.550463 0.012656 0.015867
1 0.289577 0.608121 0.012844 0.019550
1 0.317722 0.635038 0.010956 0.012750
1 0.340955 0.636455 0.013222 0.015867
1 0.373161 0.622571 0.011144 0.012467
1 0.388177 0.626255 0.009822 0.012183
1 0.399889 0.620942 0.010578 0.012892
1 0.411883 0.616409 0.010767 0.012892
1 0.423405 0.625617 0.009633 0.013175
1 0.439744 0.631709 0.011333 0.017142
1 0.626839 0.617117 0.011144 0.015725
1 0.659517 0.617471 0.010389 0.013600
1 0.690023 0.617188 0.012089 0.016150
1 0.708251 0.611521 0.010767 0.014733
1 0.733845 0.620659 0.010200 0.012325
1 0.294205 0.687738 0.017189 0.048733
1 0.315360 0.689084 0.008878 0.012325
1 0.337366 0.684055 0.006800 0.010767
1 0.360694 0.676334 0.010389 0.015442
1 0.393561 0.671517 0.008500 0.014308
1 0.411505 0.673146 0.013411 0.019267
1 0.435778 0.680371 0.009067 0.011617
1 0.452967 0.680655 0.009444 0.013317
1 0.482150 0.666913 0.008878 0.017000
1 0.495467 0.672509 0.009067 0.016575
1 0.507556 0.667055 0.007933 0.017850
1 0.521156 0.662451 0.015111 0.022808
1 0.536456 0.671021 0.014733 0.019267
1 0.549395 0.678317 0.010011 0.013175
1 0.293733 0.738384 0.012844 0.017425
1 0.315549 0.739305 0.008500 0.013317
1 0.336799 0.735197 0.011711 0.016717
1 0.362016 0.734701 0.012278 0.013175
1 0.395261 0.734984 0.009256 0.015158
1 0.415661 0.741147 0.008500 0.013883
1 0.435211 0.734984 0.007933 0.011192
1 0.456461 0.730805 0.007744 0.013317
1 0.486683 0.725351 0.011144 0.013458
1 0.520683 0.721030 0.008878 0.014733
1 0.543822 0.725776 0.012844 0.016575
1 0.567811 0.732859 0.008311 0.012325
1 0.596711 0.728397 0.010200 0.015583
1 0.611445 0.723580 0.011711 0.012183
1 0.635339 0.728751 0.010011 0.014025
1 0.658856 0.723367 0.009444 0.013742
1 0.687284 0.727688 0.008878 0.011617
1 0.289294 0.783505 0.012278 0.017567
1 0.313755 0.801638 0.009444 0.013883
1 0.348133 0.780318 0.010956 0.012892
1 0.363244 0.780884 0.011333 0.013175
1 0.376466 0.776493 0.009067 0.014592
1 0.388555 0.779468 0.007178 0.012042
1 0.404516 0.786834 0.009633 0.016575
1 0.422461 0.791155 0.014922 0.018417
1 0.602000 0.770684 0.008689 0.017142
1 0.614373 0.802205 0.010011 0.013600
1 0.623250 0.802772 0.010767 0.016433
1 0.642706 0.797176 0.012656 0.016858
1 0.657251 0.794980 0.014544 0.020683
1 0.685112 0.802772 0.015867 0.013883
1 0.712217 0.801709 0.008878 0.013175
1 0.734884 0.793634 0.013789 0.016858
1 0.736408 0.122192 0.011388 0.012970
1 0.758130 0.122033 0.014341 0.012653
1 0.789763 0.108906 0.013497 0.016133
1 0.806748 0.113608 0.011321 0.014704
1 0.820900 0.109569 0.009803 0.015118
1 0.836018 0.105479 0.008560 0.016464
1 0.848858 0.114022 0.008560 0.014290
1 0.859489 0.123290 0.009389 0.012322
1 0.737646 0.187646 0.008146 0.010355
1 0.760841 0.189717 0.007318 0.014290
1 0.784934 0.187283 0.006351 0.010459
1 0.811373 0.182210 0.013116 0.017500
1 0.842024 0.177809 0.010907 0.017396
1 0.876679 0.178482 0.007870 0.011494
1 0.899460 0.182417 0.007870 0.011080
1 0.914647 0.184695 0.010079 0.008388
1 0.928454 0.185575 0.007594 0.015532
1 0.926866 0.225131 0.010493 0.021331
1 0.888483 0.221041 0.014083 0.015636
1 0.858178 0.217572 0.009527 0.015947
1 0.815584 0.231137 0.008284 0.011598
1 0.796807 0.232742 0.008284 0.013358
1 0.761255 0.227357 0.009250 0.013979
1 0.744342 0.289435 0.008008 0.011390
1 0.779480 0.268984 0.007870 0.012530
1 0.789766 0.269139 0.008284 0.010148
1 0.808750 0.264842 0.009527 0.012115
1 0.823109 0.273178 0.008146 0.016568
1 0.834430 0.271314 0.008422 0.015532
1 0.845752 0.279598 0.009803 0.015740
1 0.769263 0.361609 0.006765 0.011598
1 0.798395 0.356225 0.008698 0.010976
1 0.842093 0.351203 0.008560 0.012115
1 0.873572 0.341624 0.010217 0.010355
1 0.910781 0.351772 0.010631 0.012426
1 0.925899 0.353532 0.010493 0.015325
1 0.937221 0.397386 0.011321 0.015843
1 0.913404 0.389205 0.010907 0.012322
1 0.878819 0.405256 0.010217 0.012737
1 0.851551 0.391276 0.010631 0.013358
1 0.814963 0.390655 0.010079 0.012737
1 0.787764 0.391328 0.008422 0.012840
1 0.747725 0.395470 0.009250 0.012012
1 0.822350 0.454701 0.010493 0.027958
1 0.831876 0.444397 0.008008 0.018328
1 0.851067 0.447400 0.007732 0.013772
1 0.883720 0.439841 0.009803 0.017293
1 0.902014 0.446468 0.009665 0.011908
1 0.919755 0.448332 0.016706 0.017500
1 0.942605 0.446417 0.009389 0.012219
1 0.870259 0.504767 0.011321 0.016257
1 0.856659 0.511239 0.013669 0.020503
1 0.843750 0.514552 0.009112 0.013876
1 0.833395 0.508909 0.008008 0.010251
1 0.814687 0.505336 0.010631 0.013461
1 0.800466 0.505129 0.010907 0.012633
1 0.753800 0.522888 0.009803 0.012530
1 0.776788 0.522163 0.006351 0.009630
1 0.738681 0.564567 0.009112 0.014704
1 0.771403 0.575025 0.013254 0.016982
1 0.797843 0.574611 0.018087 0.016982
1 0.843474 0.577873 0.011598 0.015429
1 0.870190 0.572954 0.009803 0.013669
1 0.895387 0.563894 0.008560 0.014186
1 0.941018 0.574559 0.010907 0.016464
1 0.757320 0.615720 0.008560 0.012840
1 0.776235 0.615824 0.008560 0.013047
1 0.800121 0.629596 0.009941 0.011598
1 0.818622 0.615513 0.007732 0.013254
1 0.850170 0.619759 0.009803 0.011390
1 0.867428 0.619552 0.008146 0.011805
1 0.900150 0.632444 0.013392 0.018535
1 0.920377 0.632029 0.011598 0.018121
1 0.937704 0.638035 0.010907 0.016464
1 0.897734 0.669255 0.009389 0.015532
1 0.906639 0.687170 0.009527 0.014290
1 0.923759 0.682613 0.011183 0.014704
1 0.946264 0.673656 0.009803 0.019157
1 0.735851 0.732628 0.008146 0.013669
1 0.763533 0.735993 0.007456 0.013565
1 0.802744 0.741999 0.013807 0.014601
1 0.836018 0.745468 0.009389 0.015325
1 0.855416 0.742776 0.008422 0.014704
1 0.889450 0.745986 0.007179 0.011805
1 0.935012 0.802006 0.009112 0.016361
1 0.909815 0.800919 0.014497 0.012530
1 0.892970 0.794292 0.014497 0.018742
1 0.881649 0.798071 0.008974 0.015325
1 0.853691 0.801333 0.010217 0.015636
1 0.808681 0.802161 0.013807 0.015843
1 0.781827 0.801333 0.011736 0.015636
1 0.773060 0.799832 0.010493 0.009112
1 0.766019 0.797605 0.011874 0.017500
1 0.752626 0.796259 0.016568 0.019778