0 0.110222 0.137315 0.095649 0.016933
0 0.190476 0.134006 0.062397 0.015548
0 0.341544 0.134006 0.233580 0.021398
0 0.541769 0.132620 0.087644 0.016780
0 0.629618 0.133775 0.010057 0.012623
0 0.676108 0.131389 0.071018 0.018627
1 0.061679 0.102294 0.008005 0.017395
1 0.076355 0.118458 0.004516 0.011238
1 0.098009 0.113531 0.006773 0.010006
1 0.122024 0.103987 0.006773 0.010930
1 0.143370 0.103833 0.006773 0.011238
1 0.174364 0.111992 0.006773 0.010930
1 0.195197 0.102063 0.008210 0.012931
1 0.216851 0.102448 0.008415 0.012777
1 0.249179 0.101216 0.007800 0.012469
1 0.281199 0.100754 0.008210 0.010930
1 0.308498 0.100523 0.006979 0.012007
1 0.336412 0.100754 0.008621 0.013085
1 0.369356 0.101139 0.008005 0.013855
1 0.415333 0.101678 0.007184 0.012161
1 0.433498 0.103525 0.007389 0.016472
1 0.448994 0.099446 0.009647 0.017241
1 0.460386 0.103525 0.010263 0.017395
1 0.483682 0.100908 0.019499 0.011853
1 0.516010 0.112993 0.011494 0.018473
1 0.555521 0.104988 0.017857 0.020936
1 0.580357 0.104526 0.011700 0.020936
1 0.592159 0.107143 0.009852 0.017241
1 0.611658 0.108067 0.024220 0.020012
1 0.631979 0.113762 0.010263 0.017549
1 0.663485 0.120998 0.017447 0.013547
1 0.685858 0.123999 0.005952 0.010930
1 0.702278 0.118381 0.007594 0.016318
2 0.385776 0.103910 0.668514 0.033251
2 0.387007 0.163947 0.670977 0.033251
2 0.384955 0.221290 0.671388 0.033405
2 0.384647 0.279788 0.678571 0.033405
2 0.381979 0.336823 0.673235 0.035406
2 0.381671 0.394320 0.680829 0.036484
2 0.381055 0.447968 0.670567 0.035714
2 0.380644 0.503002 0.670567 0.032482
2 0.380029 0.558190 0.669335 0.037869
2 0.381979 0.614378 0.665435 0.035406
2 0.382492 0.669797 0.665640 0.035406
2 0.384750 0.727371 0.676724 0.035406
2 0.386084 0.781481 0.668309 0.036176
1 0.057677 0.159483 0.008210 0.016010
1 0.124076 0.171875 0.006363 0.011238
1 0.132184 0.171798 0.006568 0.010468
1 0.146654 0.180958 0.005542 0.011238
1 0.175800 0.163793 0.017447 0.019089
1 0.201252 0.161176 0.006363 0.012315
1 0.228448 0.163562 0.032020 0.016472
1 0.269807 0.157789 0.023194 0.016010
1 0.295259 0.157405 0.018678 0.012777
1 0.331897 0.162023 0.007389 0.015548
1 0.353551 0.155788 0.008005 0.012931
1 0.400041 0.172491 0.021757 0.015548
1 0.059832 0.218057 0.008826 0.016472
1 0.089183 0.234298 0.007594 0.017549
1 0.097496 0.224138 0.006979 0.016626
1 0.114429 0.217980 0.008005 0.014470
1 0.143883 0.220905 0.038998 0.021244
1 0.198994 0.221521 0.058087 0.025862
1 0.245895 0.229295 0.009031 0.012469
1 0.265394 0.235145 0.012726 0.016780
1 0.299158 0.229449 0.007594 0.012777
1 0.327689 0.219135 0.006773 0.012777
1 0.360222 0.219289 0.009031 0.013085
1 0.388136 0.229064 0.007800 0.012931
1 0.418514 0.232451 0.019704 0.018781
1 0.053879 0.276324 0.008415 0.018473
1 0.074713 0.274400 0.017241 0.012777
1 0.098112 0.283636 0.022989 0.020782
1 0.130439 0.281404 0.007594 0.014163
1 0.148194 0.282251 0.012315 0.017395
1 0.165538 0.280018 0.009647 0.023399
1 0.194889 0.276247 0.007594 0.018011
1 0.219007 0.281250 0.014778 0.019089
1 0.241995 0.276478 0.026683 0.017549
1 0.266112 0.275939 0.012931 0.018319
1 0.297414 0.298030 0.009031 0.015086
1 0.321634 0.288639 0.006568 0.014778
1 0.344007 0.278556 0.007389 0.011546
1 0.356117 0.274092 0.009031 0.014009
1 0.369048 0.278017 0.006568 0.012007
1 0.399323 0.278787 0.008005 0.012931
1 0.423851 0.278479 0.007800 0.012007
1 0.052443 0.334744 0.008415 0.018011
1 0.072865 0.337669 0.021757 0.015856
1 0.090004 0.343981 0.011289 0.015548
1 0.124487 0.333359 0.008826 0.013701
1 0.153120 0.337669 0.012315 0.015856
1 0.180521 0.337131 0.033046 0.023707
1 0.214286 0.342826 0.011905 0.017549
1 0.248768 0.346290 0.006979 0.013085
1 0.257697 0.346521 0.008005 0.015394
1 0.276580 0.349908 0.011700 0.015702
1 0.361145 0.331974 0.007594 0.016472
1 0.378181 0.348907 0.008415 0.010622
1 0.399836 0.338131 0.010263 0.026324
1 0.418822 0.331050 0.007594 0.012469
1 0.053879 0.392395 0.009647 0.018165
1 0.082410 0.410560 0.008005 0.013547
1 0.109195 0.410560 0.007800 0.014470
1 0.134852 0.410099 0.008210 0.014778
1 0.151991 0.397167 0.011289 0.026786
1 0.179085 0.389470 0.008005 0.013239
1 0.195197 0.393781 0.007800 0.011392
1 0.210386 0.397783 0.007389 0.010468
1 0.247332 0.390163 0.009442 0.013701
1 0.273912 0.385160 0.008005 0.012315
1 0.304803 0.379695 0.007800 0.013701
1 0.335796 0.384621 0.009031 0.012777
1 0.371511 0.387931 0.007800 0.012315
1 0.399015 0.388008 0.006568 0.013393
1 0.423132 0.382851 0.010878 0.013239
1 0.442734 0.383005 0.008621 0.012931
1 0.055316 0.445736 0.008826 0.018011
1 0.076252 0.469058 0.006363 0.012007
1 0.095854 0.458744 0.006979 0.014470
1 0.120998 0.459667 0.007184 0.013239
1 0.156507 0.441502 0.018268 0.009544
1 0.194068 0.458898 0.008005 0.014163
1 0.229680 0.449200 0.017241 0.013239
1 0.260160 0.454510 0.013752 0.017395
1 0.300390 0.462669 0.020731 0.011853
1 0.366174 0.452278 0.012315 0.021552
1 0.382697 0.443350 0.008005 0.014778
1 0.400759 0.442041 0.008005 0.010930
1 0.419438 0.442195 0.007594 0.012777
1 0.446326 0.442272 0.008826 0.011392
1 0.056034 0.499153 0.008621 0.016164
1 0.077894 0.514778 0.007594 0.013547
1 0.109606 0.506696 0.007389 0.013701
1 0.136494 0.503464 0.007800 0.012469
1 0.174364 0.497768 0.008005 0.014009
1 0.203305 0.492457 0.008005 0.010776
1 0.235837 0.495305 0.008210 0.011546
1 0.263957 0.497999 0.009442 0.016010
1 0.282328 0.500770 0.008005 0.012931
1 0.301108 0.510160 0.009031 0.012623
1 0.320813 0.501155 0.006979 0.011853
1 0.339183 0.505003 0.008415 0.013085
1 0.356424 0.508082 0.008005 0.012469
1 0.369663 0.513393 0.007389 0.011700
1 0.410920 0.507158 0.051314 0.019243
1 0.054495 0.555881 0.007184 0.017857
1 0.077278 0.571275 0.008415 0.012623
1 0.092159 0.571198 0.008621 0.011238
1 0.127463 0.564886 0.039409 0.018627
1 0.167898 0.572044 0.008621 0.015086
1 0.190168 0.567041 0.007184 0.012469
1 0.220135 0.561807 0.008005 0.014009
1 0.239122 0.565040 0.006568 0.011546
1 0.257184 0.561345 0.007389 0.011238
1 0.278530 0.565887 0.006568 0.012623
1 0.307882 0.572121 0.017241 0.016164
1 0.346675 0.565656 0.007800 0.011853
1 0.375513 0.568735 0.008826 0.011546
1 0.422619 0.558959 0.006979 0.012007
1 0.462028 0.554341 0.006979 0.012007
1 0.056548 0.612916 0.008005 0.017703
1 0.079844 0.624692 0.007389 0.016318
1 0.093391 0.618611 0.012315 0.018319
1 0.118534 0.620459 0.008005 0.012777
1 0.134134 0.624153 0.008005 0.013393
1 0.154146 0.627309 0.007389 0.010468
1 0.174158 0.629002 0.008826 0.013547
1 0.250718 0.629849 0.008415 0.016780
1 0.270628 0.625539 0.008415 0.014932
1 0.300390 0.614147 0.007594 0.012777
1 0.316913 0.614070 0.009031 0.013547
1 0.341030 0.613993 0.008415 0.013085
1 0.359709 0.613608 0.008415 0.012315
1 0.385160 0.612146 0.009236 0.015240
1 0.399631 0.612839 0.008210 0.014778
1 0.413280 0.618534 0.008415 0.015394
1 0.424158 0.613147 0.008005 0.015394
1 0.435961 0.621690 0.008210 0.015240
1 0.450328 0.625847 0.009852 0.012777
1 0.061782 0.680496 0.016010 0.042026
1 0.081999 0.676724 0.008415 0.014470
1 0.117303 0.666025 0.008415 0.019550
1 0.157943 0.660868 0.019089 0.010776
1 0.190784 0.667873 0.011289 0.019243
1 0.221470 0.666641 0.008621 0.014317
1 0.245998 0.660791 0.017857 0.013085
1 0.277401 0.672029 0.013342 0.021090
1 0.309216 0.674107 0.008005 0.015702
1 0.340825 0.672953 0.009236 0.012777
1 0.364635 0.668642 0.009647 0.015240
1 0.377874 0.666025 0.011905 0.019550
1 0.405583 0.673799 0.010673 0.015086
1 0.431650 0.682189 0.011084 0.022321
1 0.057984 0.713054 0.007594 0.017549
1 0.076663 0.741764 0.006363 0.014624
1 0.093699 0.742149 0.008415 0.014778
1 0.126437 0.749153 0.008621 0.011853
1 0.144704 0.739840 0.009031 0.018781
1 0.168001 0.736684 0.008415 0.015240
1 0.182266 0.736145 0.009031 0.023707
1 0.213567 0.736761 0.021962 0.022475
1 0.241995 0.748538 0.019704 0.017087
1 0.275246 0.745536 0.009031 0.011392
1 0.307369 0.738300 0.019089 0.018473
1 0.351909 0.740994 0.011289 0.014932
1 0.377874 0.741533 0.010673 0.014470
1 0.396039 0.741918 0.009647 0.016164
1 0.055521 0.768781 0.009236 0.016626
1 0.099446 0.792026 0.008005 0.012623
1 0.117200 0.792257 0.007389 0.012469
1 0.136905 0.791641 0.008621 0.012161
1 0.154659 0.791949 0.008826 0.013701
1 0.173953 0.792257 0.008415 0.013085
1 0.197660 0.792180 0.008210 0.013239
1 0.207820 0.792026 0.008005 0.012931
1 0.220546 0.791333 0.008005 0.012469
1 0.241482 0.791795 0.010057 0.012469
1 0.264881 0.791564 0.008005 0.013547
1 0.279659 0.791487 0.008415 0.014932
1 0.310345 0.791410 0.009031 0.014778
1 0.341030 0.791410 0.007594 0.014778
1 0.366995 0.791487 0.006979 0.015548
1 0.394602 0.795874 0.030993 0.023707
1 0.424056 0.797645 0.015599 0.011853
1 0.442426 0.173645 0.009647 0.015394
1 0.469828 0.173260 0.012315 0.017395
1 0.493534 0.175647 0.026888 0.022167
1 0.527196 0.181342 0.013752 0.016010
1 0.548953 0.178802 0.025246 0.017087
1 0.571018 0.178494 0.010673 0.016472
1 0.596264 0.180496 0.007389 0.012469
1 0.614532 0.172799 0.010263 0.017087
1 0.636905 0.167642 0.010673 0.017241
1 0.654865 0.172414 0.008415 0.014163
1 0.671490 0.172722 0.010468 0.013547
1 0.688629 0.172568 0.012726 0.016010
1 0.705768 0.172953 0.012931 0.017703
1 0.718288 0.177417 0.011289 0.015240
1 0.736351 0.183575 0.008005 0.016472
1 0.439142 0.236530 0.007594 0.018011
1 0.457512 0.239686 0.018883 0.016318
1 0.480603 0.236761 0.008005 0.017549
1 0.500513 0.232528 0.010878 0.020474
1 0.531301 0.233067 0.040025 0.018473
1 0.566913 0.235683 0.012315 0.018165
1 0.659072 0.219520 0.008621 0.013547
1 0.689860 0.219212 0.008210 0.013239
1 0.723933 0.222137 0.008621 0.020320
1 0.455870 0.279018 0.010263 0.021090
1 0.485940 0.274938 0.008005 0.014778
1 0.510776 0.281789 0.012931 0.021090
1 0.534483 0.275015 0.026273 0.019550
1 0.570300 0.275169 0.013342 0.020166
1 0.617406 0.296028 0.008621 0.015086
1 0.652196 0.286484 0.009647 0.016933
1 0.669540 0.277555 0.008210 0.012931
1 0.693042 0.277017 0.009236 0.013085
1 0.722496 0.277401 0.008210 0.014778
1 0.452278 0.335360 0.016626 0.014317
1 0.478346 0.330357 0.015394 0.013239
1 0.498153 0.330280 0.007800 0.017087
1 0.534996 0.330049 0.008826 0.016010
1 0.561987 0.318889 0.009852 0.014317
1 0.596367 0.327201 0.012110 0.021706
1 0.627463 0.328895 0.008210 0.015240
1 0.671080 0.334514 0.036330 0.016626
1 0.703305 0.336284 0.017447 0.013085
1 0.718801 0.346136 0.010263 0.016164
1 0.462952 0.389163 0.008005 0.016626
1 0.489019 0.392780 0.009236 0.013393
1 0.515189 0.392395 0.008210 0.014778
1 0.534688 0.393011 0.008621 0.012007
1 0.562192 0.402632 0.009031 0.014317
1 0.598317 0.396706 0.046798 0.022783
1 0.637315 0.405018 0.008621 0.014470
1 0.661843 0.400554 0.008415 0.014470
1 0.692016 0.406019 0.009236 0.017395
1 0.721675 0.408020 0.009442 0.012469
1 0.494561 0.438885 0.008415 0.010776
1 0.508621 0.440348 0.009442 0.013701
1 0.524117 0.436422 0.007594 0.012315
1 0.536843 0.440117 0.007594 0.014163
1 0.548337 0.445197 0.008005 0.013239
1 0.560961 0.440810 0.008621 0.014932
1 0.636392 0.451278 0.016626 0.018011
1 0.652196 0.448661 0.008415 0.010622
1 0.669745 0.449584 0.017652 0.014009
1 0.693966 0.457666 0.009442 0.013855
1 0.719212 0.460668 0.010263 0.016780
1 0.454331 0.515163 0.010057 0.014317
1 0.476806 0.509929 0.008210 0.012161
1 0.510365 0.505619 0.009236 0.014317
1 0.532635 0.509006 0.009442 0.013393
1 0.555932 0.505927 0.008005 0.014317
1 0.583333 0.509852 0.008621 0.011700
1 0.614840 0.513162 0.009647 0.012161
1 0.644910 0.507620 0.016010 0.018319
1 0.668001 0.505696 0.009236 0.014778
1 0.694376 0.506312 0.019294 0.013547
1 0.715209 0.515702 0.007594 0.014778
1 0.496613 0.547799 0.010057 0.010006
1 0.561474 0.555111 0.010468 0.013239
1 0.587644 0.551262 0.009442 0.014470
1 0.617611 0.559421 0.008621 0.014163
1 0.633313 0.555650 0.008826 0.012777
1 0.653017 0.558882 0.009236 0.013701
1 0.683498 0.561038 0.029557 0.016472
1 0.705357 0.568427 0.009236 0.016164
1 0.717365 0.568196 0.009442 0.015702
1 0.504516 0.621382 0.014368 0.043257
1 0.516010 0.627078 0.008621 0.016472
1 0.536022 0.622229 0.008005 0.013547
1 0.567837 0.616456 0.020320 0.020782
1 0.592570 0.614147 0.009031 0.017703
1 0.630131 0.612762 0.014368 0.018935
1 0.664409 0.606758 0.010673 0.017087
1 0.696634 0.607759 0.024631 0.018473
1 0.719109 0.619073 0.008415 0.015548
1 0.469109 0.684883 0.008415 0.017857
1 0.491995 0.672029 0.011494 0.017087
1 0.520628 0.670259 0.021962 0.016010
1 0.552853 0.678879 0.007594 0.014778
1 0.580460 0.668796 0.011084 0.021398
1 0.608477 0.665871 0.013752 0.019243
1 0.635673 0.656173 0.009852 0.014317
1 0.666461 0.664178 0.028325 0.019243
1 0.697147 0.671259 0.009647 0.014932
1 0.473214 0.728679 0.007594 0.015240
1 0.485427 0.727909 0.009031 0.016164
1 0.495690 0.727602 0.008621 0.015240
1 0.510571 0.727525 0.008005 0.015086
1 0.540435 0.726832 0.010263 0.014009
1 0.564347 0.725677 0.008826 0.014163
1 0.586002 0.725908 0.009852 0.014624
1 0.612685 0.725216 0.008621 0.014470
1 0.625718 0.730142 0.008005 0.013855
1 0.638136 0.725985 0.007800 0.014470
1 0.655378 0.722752 0.013957 0.020936
1 0.673645 0.728987 0.011494 0.014932
1 0.690168 0.737377 0.007594 0.014778
1 0.487582 0.792642 0.008005 0.014163
1 0.508108 0.792488 0.008415 0.014470
1 0.526273 0.792411 0.008621 0.015240
1 0.550082 0.790102 0.010673 0.012777
1 0.575636 0.791872 0.008005 0.016318
1 0.602217 0.791102 0.006979 0.015702
1 0.628181 0.790025 0.008415 0.012931
1 0.665333 0.791795 0.033867 0.022937
1 0.693863 0.793411 0.018268 0.012623
0 0.103756 0.173030 0.029351 0.048953
0 0.196429 0.191425 0.148604 0.015240
0 0.368945 0.191502 0.112274 0.015086
0 0.107964 0.254618 0.060345 0.018781
0 0.181342 0.252232 0.022373 0.014932
0 0.246511 0.252694 0.066092 0.017703
0 0.337131 0.252078 0.113916 0.018011
0 0.431240 0.252463 0.069376 0.013239
0 0.076252 0.310268 0.032635 0.018627
0 0.174979 0.307266 0.115558 0.018473
0 0.386084 0.308651 0.276683 0.018781
0 0.066502 0.370921 0.016010 0.019243
0 0.135365 0.367226 0.057677 0.018011
0 0.243534 0.366610 0.096675 0.019243
0 0.358067 0.346136 0.039614 0.053725
0 0.402196 0.366379 0.058087 0.017857
0 0.220443 0.425954 0.320608 0.018781
0 0.187705 0.477371 0.253079 0.017241
0 0.353859 0.471521 0.024631 0.026478
0 0.326970 0.477140 0.027094 0.018319
0 0.315168 0.347214 0.036741 0.055265
0 0.137007 0.531404 0.157020 0.017241
0 0.296695 0.528017 0.150862 0.019397
0 0.098830 0.589517 0.071223 0.014624
0 0.215825 0.588978 0.137315 0.018473
0 0.308805 0.585514 0.044540 0.019550
0 0.385673 0.586977 0.102217 0.018473
0 0.084360 0.643396 0.041051 0.016164
0 0.150862 0.643011 0.087438 0.016626
0 0.206897 0.646090 0.024631 0.021244
0 0.231117 0.636007 0.024631 0.025092
0 0.347393 0.642164 0.208333 0.018319
0 0.081178 0.702355 0.028530 0.016780
0 0.178161 0.701509 0.159278 0.015086
0 0.355193 0.699353 0.190681 0.018781
0 0.109298 0.755619 0.088465 0.016780
0 0.287254 0.755773 0.263342 0.015856
0 0.077381 0.802879 0.025041 0.032174
0 0.161227 0.814732 0.129926 0.018011
0 0.310037 0.811730 0.162356 0.017549
0 0.455460 0.190271 0.057061 0.016626
0 0.525246 0.190887 0.035304 0.013239
0 0.569171 0.191964 0.022167 0.013239
0 0.600472 0.190425 0.038383 0.014163
0 0.672619 0.189578 0.097291 0.018011
0 0.493842 0.251078 0.052956 0.016010
0 0.559934 0.251770 0.035304 0.014932
0 0.588054 0.250924 0.028736 0.017241
0 0.628489 0.231296 0.045567 0.051570
0 0.672619 0.251001 0.043924 0.014932
0 0.590209 0.307266 0.079023 0.020936
0 0.667385 0.305265 0.069992 0.019397
0 0.473933 0.366918 0.075944 0.018319
0 0.563834 0.365302 0.096470 0.019089
0 0.661535 0.364070 0.093596 0.016010
0 0.540743 0.421567 0.318350 0.015548
0 0.473522 0.474985 0.214286 0.014932
0 0.609298 0.460745 0.035920 0.050493
0 0.667488 0.473753 0.077176 0.014932
0 0.461515 0.527863 0.047003 0.016318
0 0.594417 0.527248 0.211002 0.016933
0 0.487787 0.584283 0.100369 0.016472
0 0.621819 0.587284 0.162356 0.017549
0 0.486248 0.624230 0.026683 0.056958
0 0.551929 0.640702 0.101396 0.014778
0 0.654351 0.638778 0.094007 0.017395
0 0.521039 0.698045 0.141420 0.015548
0 0.646346 0.696736 0.105911 0.016933
0 0.427853 0.756389 0.023604 0.018627
0 0.458846 0.747845 0.030993 0.029249
0 0.577176 0.752694 0.207718 0.016780
0 0.444992 0.817657 0.025862 0.022321
0 0.473830 0.808267 0.030172 0.029403
0 0.582512 0.813039 0.185550 0.022014