0 0.271002 0.156109 0.020643 0.014433
0 0.335380 0.156240 0.106714 0.020468
0 0.412004 0.152304 0.044435 0.014695
0 0.459763 0.152304 0.058780 0.015220
0 0.538487 0.153091 0.097967 0.021518
0 0.617736 0.150992 0.061929 0.016794
0 0.684738 0.150073 0.073475 0.014433
0 0.744918 0.150598 0.040586 0.018106
0 0.787429 0.146793 0.043735 0.020993
0 0.829240 0.147974 0.041986 0.015482
0 0.876824 0.147974 0.052482 0.016532
0 0.886271 0.200063 0.057381 0.025192
0 0.832389 0.199932 0.048284 0.017582
0 0.797750 0.201506 0.030090 0.016007
0 0.757864 0.202425 0.044785 0.014695
0 0.692960 0.204786 0.087121 0.020468
0 0.620010 0.203868 0.067877 0.013383
0 0.569102 0.204918 0.037437 0.012858
0 0.518369 0.203474 0.070326 0.015745
0 0.470085 0.205836 0.033239 0.015745
0 0.426000 0.206623 0.022043 0.020993
0 0.406581 0.207279 0.013296 0.013383
0 0.371943 0.207017 0.086771 0.014957
0 0.319635 0.207673 0.029740 0.013121
0 0.282898 0.208854 0.038837 0.018631
0 0.275725 0.265666 0.016794 0.015745
0 0.290770 0.266060 0.015395 0.011284
0 0.313687 0.263829 0.034638 0.013645
0 0.347976 0.264092 0.031140 0.020468
0 0.426700 0.263304 0.046534 0.015745
0 0.457314 0.261467 0.020293 0.019418
0 0.495452 0.262648 0.060880 0.015482
0 0.546185 0.263042 0.045485 0.015745
0 0.613712 0.262255 0.092369 0.015220
0 0.693135 0.261599 0.064378 0.017057
0 0.769760 0.258450 0.087471 0.018631
0 0.841661 0.258056 0.052133 0.016270
0 0.897467 0.255694 0.058081 0.015745
0 0.894843 0.312375 0.051433 0.019943
0 0.849883 0.310276 0.035688 0.017319
0 0.798625 0.311719 0.065428 0.019681
0 0.754365 0.313425 0.025192 0.017319
0 0.680540 0.315918 0.135755 0.019681
0 0.587471 0.314999 0.058081 0.017319
0 0.511371 0.316312 0.103915 0.018369
0 0.401508 0.321297 0.127007 0.020993
0 0.328033 0.320904 0.028341 0.013383
0 0.293394 0.321691 0.051433 0.016007
0 0.312813 0.382046 0.093069 0.014957
0 0.372118 0.380865 0.031839 0.017319
0 0.404307 0.382833 0.029740 0.021780
0 0.449617 0.379422 0.043385 0.016007
0 0.495277 0.377191 0.055631 0.018369
0 0.590095 0.378897 0.135405 0.022830
0 0.670743 0.375485 0.025891 0.016007
0 0.727774 0.375223 0.091669 0.016532
0 0.800199 0.374829 0.056681 0.019943
0 0.852157 0.372599 0.045835 0.018106
0 0.894318 0.368794 0.030790 0.019943
0 0.886271 0.426787 0.072776 0.020993
0 0.827490 0.428755 0.044785 0.021255
0 0.797225 0.428493 0.031839 0.016532
0 0.757514 0.428493 0.054582 0.023355
0 0.675641 0.432166 0.118960 0.018631
0 0.600591 0.429674 0.036038 0.019418
0 0.537263 0.434659 0.094118 0.018894
0 0.459064 0.434791 0.065078 0.015482
0 0.373167 0.437677 0.112312 0.017582
0 0.289196 0.490422 0.036738 0.020206
0 0.340978 0.488585 0.065428 0.015482
0 0.397134 0.488191 0.046185 0.013645
0 0.441919 0.488454 0.038487 0.019943
0 0.482856 0.486092 0.048284 0.014695
0 0.527641 0.485567 0.042686 0.015220
0 0.616861 0.486486 0.130156 0.017057
0 0.705731 0.484518 0.049683 0.016794
0 0.757689 0.483599 0.056331 0.013908
0 0.814720 0.481894 0.054932 0.019943
0 0.879273 0.480057 0.067177 0.015220
0 0.904989 0.536082 0.031140 0.017582
0 0.864753 0.535294 0.043036 0.016007
0 0.832913 0.536606 0.025541 0.014957
0 0.853382 0.535819 0.065078 0.017057
0 0.773084 0.540805 0.020643 0.020731
0 0.801249 0.538181 0.034988 0.014957
0 0.791802 0.541461 0.053882 0.020993
0 0.739845 0.537656 0.050033 0.014957
0 0.665670 0.540805 0.031140 0.018631
0 0.614062 0.540018 0.065778 0.013383
0 0.540936 0.541199 0.081173 0.016794
0 0.488454 0.542117 0.023792 0.014957
0 0.430198 0.542380 0.092719 0.015482
0 0.371768 0.541461 0.024142 0.017319
0 0.342028 0.542773 0.039537 0.013645
0 0.308789 0.543954 0.031140 0.013908
0 0.288671 0.543429 0.027991 0.012858
0 0.316661 0.600897 0.084672 0.021255
0 0.385938 0.596961 0.063679 0.020731
0 0.428799 0.600897 0.033939 0.019681
0 0.463787 0.598536 0.047934 0.019156
0 0.505773 0.596830 0.047934 0.016270
0 0.541286 0.596961 0.023792 0.014957
0 0.599717 0.599979 0.093769 0.018894
0 0.662346 0.598011 0.024492 0.014433
0 0.704506 0.596305 0.057731 0.013645
0 0.742994 0.596174 0.024842 0.014433
0 0.784805 0.596961 0.055281 0.023355
0 0.826616 0.594337 0.029040 0.016007
0 0.848483 0.594731 0.023792 0.014695
0 0.891344 0.593812 0.060530 0.021255
0 0.906564 0.648394 0.026591 0.014433
0 0.852857 0.647738 0.084322 0.014170
0 0.759263 0.651674 0.111263 0.015745
0 0.691736 0.651412 0.021693 0.015220
0 0.649050 0.651543 0.033589 0.013383
0 0.418652 0.655742 0.062629 0.013383
0 0.331356 0.655873 0.106364 0.019943
0 0.320510 0.710717 0.085371 0.015220
0 0.379465 0.711898 0.038137 0.015482
0 0.435797 0.710586 0.075925 0.020731
0 0.488104 0.711635 0.026591 0.016532
0 0.522742 0.709930 0.036388 0.018369
0 0.605140 0.712554 0.128407 0.023092
0 0.702582 0.707174 0.065778 0.019156
0 0.759613 0.707699 0.048984 0.016532
0 0.796176 0.706781 0.025541 0.016794
0 0.849183 0.705206 0.081173 0.016270
0 0.916186 0.704944 0.035338 0.014170
0 0.905514 0.760313 0.028690 0.017844
0 0.844635 0.764118 0.091669 0.018106
0 0.776757 0.760969 0.051083 0.014957
0 0.723400 0.763462 0.056331 0.015745
0 0.678440 0.765299 0.032889 0.015220
0 0.589745 0.767398 0.033239 0.022567
0 0.528865 0.765823 0.022043 0.016270
0 0.465187 0.767529 0.106714 0.015482
0 0.371068 0.769628 0.078724 0.021780
0 0.318936 0.770416 0.024842 0.014433
0 0.293044 0.770022 0.030440 0.016794
0 0.315262 0.827490 0.077674 0.015220
0 0.368794 0.829065 0.024492 0.016794
0 0.397659 0.828671 0.033239 0.016532
0 0.456615 0.830377 0.085371 0.018894
0 0.524142 0.828015 0.044785 0.030440
0 0.580473 0.823554 0.070676 0.017844
0 0.629981 0.821586 0.029040 0.018106
0 0.666894 0.821848 0.029390 0.014433
0 0.736346 0.821586 0.098317 0.020206
0 0.807897 0.820274 0.045485 0.016007
0 0.878223 0.821324 0.097967 0.021780
0 0.992946 0.765727 0.014109 0.014868
0 0.994422 0.711318 0.011156 0.014868
0 0.992946 0.655326 0.014109 0.020562
0 0.992735 0.597437 0.014530 0.018664
0 0.990204 0.539706 0.019592 0.020245
0 0.987157 0.480867 0.018558 0.020245
0 0.996742 0.481974 0.006517 0.016766
0 0.984626 0.426457 0.012653 0.015817
0 0.994633 0.425192 0.010734 0.018347
0 0.986313 0.370466 0.020245 0.015817
0 0.996742 0.372680 0.006517 0.018347
0 0.988095 0.310204 0.023810 0.014235
0 0.983150 0.254371 0.013075 0.018347
0 0.993789 0.252157 0.012421 0.019613
0 0.984837 0.193793 0.016449 0.011704
0 0.995476 0.188731 0.009047 0.017398
0 0.989361 0.140965 0.021279 0.018031
2 0.582880 0.111704 0.649121 0.006327
2 0.581615 0.121820 0.649964 0.006474
2 0.580823 0.131533 0.647283 0.009972
2 0.582572 0.140455 0.647983 0.012071
2 0.587296 0.163810 0.656030 0.020993
2 0.861429 0.168927 0.095168 0.014957
2 0.757689 0.171289 0.117211 0.012333
2 0.529215 0.173126 0.348833 0.008135
2 0.309314 0.177849 0.093769 0.009184
2 0.310713 0.187952 0.099367 0.009447
2 0.310189 0.196743 0.099717 0.007610
2 0.555806 0.183228 0.398516 0.006823
2 0.555107 0.192807 0.399916 0.012333
2 0.786379 0.180211 0.070326 0.012333
2 0.844110 0.177849 0.046534 0.008135
2 0.886446 0.175881 0.045135 0.005773
2 0.791977 0.188739 0.079423 0.009447
2 0.867027 0.186115 0.074875 0.005773
2 0.810521 0.217342 0.224275 0.012596
2 0.566653 0.219048 0.268360 0.004461
2 0.352175 0.221409 0.172492 0.009184
2 0.349026 0.232168 0.168993 0.008135
2 0.594818 0.229675 0.332389 0.007348
2 0.839736 0.226920 0.166544 0.006035
2 0.824166 0.234661 0.192785 0.009972
2 0.574700 0.238729 0.313145 0.008135
2 0.344302 0.241878 0.154648 0.008135
2 0.498076 0.249094 0.461495 0.005773
2 0.823467 0.245158 0.194185 0.005248
2 0.889420 0.268512 0.072076 0.006823
2 0.886446 0.278353 0.083622 0.004986
2 0.872975 0.287668 0.101466 0.008922
2 0.871576 0.296066 0.109863 0.005773
2 0.752265 0.271137 0.208530 0.010496
2 0.747367 0.280715 0.204332 0.008135
2 0.734421 0.290161 0.178440 0.010234
2 0.736346 0.298952 0.166894 0.007348
2 0.461163 0.304856 0.393968 0.010759
2 0.402033 0.296722 0.267310 0.008660
2 0.590270 0.293179 0.117561 0.007872
2 0.555981 0.284651 0.185438 0.012333
2 0.367045 0.288587 0.199433 0.009709
2 0.334156 0.279271 0.130856 0.006298
2 0.464137 0.276122 0.136804 0.004199
2 0.589570 0.274679 0.130156 0.004461
2 0.332056 0.337920 0.126658 0.007610
2 0.488979 0.335427 0.191386 0.008397
2 0.673367 0.332279 0.182289 0.006298
2 0.846559 0.329392 0.165495 0.009972
2 0.848133 0.335952 0.153249 0.009972
2 0.675641 0.341463 0.198034 0.007872
2 0.504548 0.345530 0.151149 0.007610
2 0.348151 0.348417 0.172142 0.005511
2 0.385064 0.356945 0.234072 0.007348
2 0.588345 0.354059 0.182289 0.008397
2 0.748067 0.349204 0.143452 0.008135
2 0.873150 0.346055 0.108114 0.007085
2 0.888720 0.354715 0.071376 0.008135
2 0.830989 0.355633 0.051083 0.006298
2 0.762762 0.358782 0.100766 0.009972
2 0.646951 0.362194 0.136454 0.006823
2 0.525192 0.364686 0.111962 0.005511
2 0.369844 0.366786 0.205731 0.006035
2 0.314387 0.396307 0.085721 0.005773
2 0.391711 0.394864 0.073126 0.004461
2 0.490028 0.393552 0.128407 0.004461
2 0.625783 0.390272 0.155698 0.005248
2 0.819268 0.387123 0.237570 0.008922
2 0.908488 0.393814 0.057031 0.011809
2 0.820493 0.395651 0.124558 0.009184
2 0.693660 0.398538 0.139603 0.006560
2 0.565078 0.401424 0.120360 0.006560
2 0.442094 0.403786 0.129107 0.008660
2 0.325933 0.406016 0.105315 0.006298
2 0.341503 0.414545 0.136454 0.007085
2 0.440870 0.413626 0.073475 0.006823
2 0.523442 0.411789 0.102166 0.004199
2 0.663395 0.409296 0.188937 0.006560
2 0.790053 0.407197 0.074175 0.004461
2 0.877174 0.405098 0.112662 0.006035
2 0.864053 0.413758 0.142402 0.008660
2 0.674067 0.419531 0.244568 0.010759
2 0.411130 0.423729 0.287604 0.011284
2 0.369494 0.448658 0.193835 0.006035
2 0.584322 0.444722 0.240020 0.008660
2 0.811571 0.439736 0.220776 0.010759
2 0.809296 0.448396 0.228124 0.010759
2 0.535688 0.454300 0.328190 0.008922
2 0.323834 0.457843 0.106014 0.006560
2 0.389787 0.466634 0.234421 0.008922
2 0.604440 0.463091 0.199083 0.007610
2 0.775183 0.459286 0.146601 0.011021
2 0.885571 0.457187 0.080473 0.008397
2 0.875599 0.467158 0.099017 0.011021
2 0.768010 0.470439 0.120360 0.008660
2 0.644152 0.472538 0.139953 0.006560
2 0.528166 0.473194 0.101816 0.007872
2 0.375617 0.476474 0.213079 0.010234
2 0.343952 0.501403 0.139953 0.004461
2 0.490203 0.498254 0.181939 0.008660
2 0.752091 0.495368 0.352332 0.004986
2 0.728648 0.505339 0.389420 0.009184
2 0.404657 0.509407 0.266961 0.007872
2 0.383139 0.519772 0.223925 0.005511
2 0.710804 0.516229 0.439103 0.007872
2 0.708880 0.524233 0.422658 0.007085
2 0.452941 0.528694 0.094818 0.010234
2 0.342378 0.530662 0.130506 0.005248
2 0.340104 0.555329 0.132256 0.007348
2 0.664795 0.551655 0.522025 0.008397
2 0.825041 0.559790 0.201532 0.008397
2 0.553707 0.562545 0.347434 0.005511
2 0.330657 0.564382 0.109863 0.006560
2 0.367569 0.574879 0.183688 0.009709
2 0.653599 0.571336 0.405164 0.006823
2 0.891169 0.569105 0.075575 0.005511
2 0.863003 0.580127 0.128407 0.005511
2 0.632081 0.581439 0.339036 0.007610
2 0.370718 0.582620 0.188587 0.012071
2 0.368969 0.613322 0.193485 0.007348
2 0.367219 0.623425 0.184388 0.006035
2 0.369494 0.632872 0.188937 0.006560
2 0.369319 0.642318 0.195584 0.007610
2 0.777457 0.609779 0.307897 0.005511
2 0.778682 0.620013 0.301949 0.009184
2 0.778157 0.630772 0.312795 0.007085
2 0.779032 0.639432 0.306847 0.004986
2 0.852857 0.662393 0.166194 0.010496
2 0.672142 0.665936 0.201532 0.008660
2 0.504898 0.669609 0.141353 0.009184
2 0.355498 0.669216 0.167244 0.008397
2 0.440520 0.678006 0.329590 0.003936
2 0.768185 0.674858 0.332039 0.008135
2 0.829065 0.682730 0.213079 0.008135
2 0.660246 0.686141 0.135055 0.007085
2 0.438071 0.688109 0.316994 0.006298
2 0.510846 0.696244 0.468143 0.005773
2 0.826441 0.693226 0.216228 0.007610
2 0.868427 0.719599 0.130156 0.007348
2 0.735646 0.722485 0.138903 0.006823
2 0.582397 0.724978 0.175291 0.005511
2 0.382090 0.726684 0.229523 0.005773
2 0.443144 0.734556 0.349533 0.003674
2 0.443144 0.744134 0.346734 0.009709
2 0.443669 0.753712 0.347783 0.005773
2 0.774308 0.731801 0.320493 0.007610
2 0.834838 0.739936 0.197334 0.009184
2 0.685788 0.742822 0.109163 0.005511
2 0.682989 0.752138 0.139953 0.006298
2 0.839386 0.748727 0.191736 0.004199
2 0.853906 0.775493 0.151499 0.007872
2 0.730223 0.778248 0.103565 0.009184
2 0.569277 0.782184 0.223225 0.009709
2 0.365295 0.785202 0.190336 0.006823
2 0.405182 0.793468 0.268010 0.003411
2 0.622634 0.791369 0.197684 0.006035
2 0.820668 0.785858 0.221476 0.005511
2 0.849008 0.795305 0.165495 0.009184
2 0.735821 0.798060 0.070676 0.007348
2 0.597267 0.800422 0.218327 0.008397
2 0.381040 0.803833 0.221826 0.006823
2 0.382614 0.813149 0.229173 0.007610
2 0.587296 0.810000 0.185788 0.005511
2 0.807197 0.805932 0.256114 0.010496
1 0.272051 0.783890 0.011546 0.018894
1 0.281498 0.786383 0.015045 0.014957
1 0.297243 0.799241 0.009447 0.018106
1 0.334855 0.797929 0.011196 0.014433
1 0.364770 0.801209 0.011546 0.013121
1 0.400458 0.793205 0.012946 0.015482
1 0.434922 0.797273 0.013296 0.016794
1 0.473234 0.795305 0.009447 0.013383
1 0.516270 0.794780 0.010846 0.014433
1 0.534638 0.800422 0.015395 0.013645
1 0.570326 0.794517 0.011196 0.014433
1 0.594643 0.797798 0.011546 0.012596
1 0.634705 0.801603 0.011196 0.012858
1 0.666719 0.798716 0.012246 0.012858
1 0.706606 0.790319 0.015745 0.011809
1 0.746842 0.794386 0.010846 0.016270
1 0.771509 0.794649 0.012596 0.013645
1 0.800199 0.781790 0.014695 0.014170
1 0.836937 0.781003 0.010496 0.012596
1 0.867377 0.781397 0.012596 0.012333
1 0.891344 0.781134 0.010846 0.015482
1 0.916186 0.781397 0.012246 0.012333
1 0.931580 0.781790 0.012946 0.019943
1 0.934904 0.732588 0.011896 0.017057
1 0.907613 0.724322 0.014695 0.013645
1 0.866677 0.725765 0.013296 0.013383
1 0.826965 0.727078 0.014345 0.013908
1 0.784805 0.727865 0.011196 0.012333
1 0.765736 0.728127 0.014345 0.012333
1 0.732497 0.739280 0.011546 0.016794
1 0.708180 0.738624 0.010496 0.014433
1 0.677391 0.736393 0.009797 0.015745
1 0.667419 0.737574 0.015745 0.014957
1 0.538662 0.739148 0.011546 0.016532
1 0.525891 0.742560 0.011896 0.016007
1 0.493702 0.747939 0.011196 0.012071
1 0.469735 0.743478 0.010147 0.015745
1 0.448217 0.740854 0.012596 0.018894
1 0.428274 0.744266 0.014695 0.016794
1 0.374567 0.744266 0.012946 0.013645
1 0.346052 0.744134 0.013296 0.018631
1 0.318411 0.756861 0.012596 0.014170
1 0.290595 0.757124 0.010147 0.014170
1 0.277999 0.724453 0.010147 0.026504
1 0.269602 0.726028 0.010846 0.017057
1 0.276950 0.670659 0.012246 0.014957
1 0.286397 0.669740 0.010846 0.019943
1 0.293569 0.682336 0.011896 0.011546
1 0.314737 0.680499 0.010147 0.016794
1 0.343777 0.677875 0.010147 0.017319
1 0.375092 0.677613 0.010496 0.015745
1 0.391012 0.682730 0.013645 0.016532
1 0.417428 0.682467 0.013995 0.016532
1 0.438071 0.686928 0.012596 0.018631
1 0.458014 0.681811 0.009097 0.017844
1 0.471834 0.685616 0.011546 0.014957
1 0.495102 0.690471 0.015395 0.014170
1 0.523967 0.682992 0.009447 0.016007
1 0.558255 0.679187 0.013645 0.014695
1 0.578374 0.683517 0.013296 0.016532
1 0.599892 0.679712 0.011546 0.017319
1 0.625608 0.673545 0.011196 0.013908
1 0.648700 0.674595 0.012596 0.015482
1 0.684913 0.675382 0.012946 0.018631
1 0.705556 0.675776 0.009447 0.017319
1 0.724450 0.673021 0.015045 0.013908
1 0.753140 0.672233 0.012946 0.014433
1 0.771509 0.677613 0.013296 0.016794
1 0.796351 0.675907 0.012596 0.014957
1 0.824691 0.678794 0.014695 0.018631
1 0.848483 0.676957 0.014695 0.013383
1 0.873850 0.679187 0.012946 0.016270
1 0.889944 0.679712 0.013645 0.015220
1 0.915136 0.682861 0.020643 0.018369
1 0.938578 0.691783 0.017844 0.011546
1 0.931060 0.619047 0.021089 0.013286
1 0.994960 0.740994 0.008857 0.014235
1 0.988633 0.725019 0.012232 0.018347
1 0.995592 0.678992 0.008436 0.014868
1 0.989898 0.669028 0.011388 0.016449
1 0.987368 0.669502 0.009701 0.010439
1 0.985259 0.608450 0.007170 0.018031
1 0.993483 0.617623 0.008436 0.014868
1 0.990320 0.582036 0.009701 0.011388
1 0.980619 0.553565 0.012232 0.022776
1 0.987368 0.505166 0.008857 0.012021
1 0.980830 0.495360 0.008436 0.017715
1 0.990742 0.453762 0.011388 0.019296
1 0.985681 0.449965 0.007170 0.012970
1 0.978721 0.443164 0.010966 0.024674
1 0.996742 0.398561 0.006517 0.010755
1 0.984626 0.399668 0.009279 0.012970
1 0.977245 0.385749 0.009701 0.021194
1 0.980619 0.326753 0.012232 0.021511
1 0.988000 0.337666 0.013497 0.019929
1 0.978299 0.271710 0.008436 0.022143
1 0.989055 0.274241 0.013919 0.016449
1 0.995171 0.213030 0.009279 0.012970
1 0.986735 0.217143 0.007592 0.014868
1 0.979354 0.211290 0.009701 0.026572
1 0.981885 0.157355 0.008857 0.014868
1 0.987157 0.182662 0.008436 0.011072
1 0.992218 0.167952 0.010966 0.015184
1 0.983361 0.101680 0.009279 0.019929
1 0.990109 0.104053 0.009279 0.008857
1 0.997374 0.103104 0.005251 0.013919
1 0.260284 0.114031 0.009491 0.017362
1 0.266882 0.113250 0.006482 0.022050
1 0.273943 0.115420 0.009028 0.015973
1 0.293620 0.115681 0.010880 0.015105
1 0.318969 0.115594 0.010649 0.014932
1 0.343045 0.114726 0.009260 0.015279
1 0.372561 0.114639 0.011343 0.014063
1 0.401035 0.114466 0.009028 0.012674
1 0.416429 0.125577 0.009260 0.015105
1 0.425574 0.124970 0.008565 0.014237
1 0.453353 0.119414 0.009954 0.016321
1 0.476619 0.125057 0.012038 0.014758
1 0.511575 0.128703 0.010649 0.013369
1 0.538081 0.119153 0.009491 0.013716
1 0.566556 0.123841 0.011806 0.013716
1 0.605563 0.123754 0.013427 0.013195
1 0.630333 0.123060 0.011575 0.013195
1 0.665289 0.122279 0.010649 0.011980
1 0.688786 0.123407 0.010417 0.012501
1 0.710200 0.123928 0.010649 0.013890
1 0.747355 0.123928 0.013195 0.015626
1 0.775251 0.120890 0.012501 0.013022
1 0.795639 0.126049 0.013751 0.012107
1 0.825531 0.125937 0.012555 0.013676
1 0.866634 0.124928 0.011060 0.013003
1 0.891344 0.122807 0.012246 0.018106
1 0.908313 0.115197 0.011196 0.016007
1 0.909188 0.177520 0.013645 0.014695
1 0.894843 0.173583 0.011546 0.012596
1 0.875249 0.175814 0.011546 0.016532
1 0.846734 0.180537 0.012596 0.016532
1 0.822417 0.181587 0.012946 0.013908
1 0.796001 0.183030 0.009797 0.017844
1 0.771509 0.183949 0.012596 0.012858
1 0.745793 0.180800 0.010846 0.018106
1 0.719027 0.185392 0.011896 0.015745
1 0.691036 0.184998 0.010496 0.016532
1 0.663920 0.186704 0.014345 0.015745
1 0.636804 0.186310 0.012596 0.014433
1 0.604615 0.187098 0.014695 0.021780
1 0.563679 0.196413 0.009797 0.010496
1 0.527816 0.185786 0.012246 0.014433
1 0.503324 0.180406 0.011546 0.013121
1 0.463962 0.187623 0.012596 0.017057
1 0.445593 0.181062 0.012246 0.013383
1 0.436146 0.175552 0.013645 0.011809
1 0.426525 0.171878 0.011196 0.013908
1 0.416728 0.172271 0.015395 0.014695
1 0.399759 0.178307 0.012246 0.017844
1 0.376841 0.177913 0.012596 0.011809
1 0.350950 0.178700 0.017494 0.011809
1 0.316312 0.178176 0.009797 0.013383
1 0.293919 0.179488 0.009797 0.012858
1 0.281673 0.175420 0.009797 0.015745
1 0.270302 0.170959 0.007348 0.018369
1 0.264529 0.171222 0.013995 0.017844
1 0.265229 0.223967 0.009797 0.018894
1 0.275725 0.224885 0.011896 0.018106
1 0.277475 0.245878 0.011896 0.014957
1 0.296543 0.234857 0.009447 0.018631
1 0.315962 0.234069 0.008397 0.012858
1 0.322959 0.231183 0.011196 0.020206
1 0.336605 0.239580 0.020293 0.019681
1 0.402733 0.237218 0.013296 0.022830
1 0.422676 0.227378 0.015395 0.013121
1 0.441220 0.224491 0.011896 0.015745
1 0.462563 0.221867 0.011896 0.013121
1 0.485830 0.222786 0.011546 0.012333
1 0.512246 0.223704 0.013995 0.015745
1 0.537263 0.223179 0.012246 0.016794
1 0.553532 0.223573 0.011896 0.016532
1 0.580298 0.223048 0.012246 0.016007
1 0.603215 0.233282 0.017494 0.020731
1 0.618610 0.226853 0.012596 0.014695
1 0.633480 0.232364 0.012946 0.016270
1 0.649225 0.231445 0.010147 0.014957
1 0.671093 0.235119 0.013995 0.014433
1 0.690686 0.226066 0.011896 0.014170
1 0.706431 0.230658 0.010496 0.014433
1 0.730923 0.230658 0.011896 0.014433
1 0.747017 0.231708 0.010496 0.014433
1 0.772209 0.227378 0.011196 0.013121
1 0.796351 0.229608 0.013995 0.018106
1 0.816119 0.225279 0.011546 0.020468
1 0.825916 0.226066 0.013645 0.010496
1 0.835188 0.230264 0.011896 0.010496
1 0.826791 0.226328 0.032189 0.020993
1 0.857405 0.236825 0.015045 0.014695
1 0.886620 0.230396 0.011896 0.014433
1 0.910238 0.234594 0.013645 0.011809
1 0.925108 0.236038 0.012596 0.014695
1 0.927732 0.283534 0.008747 0.023617
1 0.891344 0.279729 0.012246 0.012858
1 0.859330 0.282222 0.013296 0.017319
1 0.839911 0.276974 0.011546 0.016794
1 0.818743 0.284846 0.014695 0.011546
1 0.795301 0.282878 0.016794 0.019681
1 0.775708 0.283797 0.013296 0.015745
1 0.760838 0.284453 0.013645 0.019156
1 0.733547 0.283928 0.014345 0.015482
1 0.712904 0.281828 0.012946 0.013908
1 0.694010 0.286421 0.011546 0.015220
1 0.672842 0.290488 0.014695 0.012333
1 0.640128 0.287864 0.011546 0.013383
1 0.630681 0.287077 0.011546 0.015482
1 0.599017 0.285240 0.011196 0.014433
1 0.573650 0.282747 0.008047 0.016794
1 0.538487 0.285896 0.016794 0.014695
1 0.506823 0.281041 0.012246 0.021255
1 0.497726 0.278942 0.016444 0.014957
1 0.474808 0.279336 0.010496 0.013645
1 0.454865 0.279467 0.016095 0.016007
1 0.437196 0.281960 0.015745 0.019943
1 0.422151 0.278023 0.017144 0.010496
1 0.403257 0.279992 0.013645 0.013908
1 0.383839 0.278680 0.010496 0.013908
1 0.367219 0.279073 0.009447 0.013645
1 0.353574 0.281041 0.017144 0.014433
1 0.327333 0.279729 0.012246 0.013908
1 0.303716 0.288651 0.011896 0.021780
1 0.283947 0.292587 0.008047 0.020206
1 0.276250 0.279336 0.008047 0.025192
1 0.266803 0.280123 0.015045 0.018894
1 0.268378 0.338378 0.012596 0.022567
1 0.283947 0.351892 0.009447 0.016532
1 0.310014 0.351630 0.011196 0.018631
1 0.339929 0.351368 0.010147 0.015482
1 0.370543 0.350187 0.009797 0.018894
1 0.398359 0.347825 0.010147 0.017844
1 0.406581 0.345988 0.011896 0.020993
1 0.417078 0.349006 0.013995 0.011284
1 0.426175 0.353336 0.014695 0.011546
1 0.417428 0.347563 0.032189 0.023092
1 0.453291 0.361339 0.016444 0.016532
1 0.481631 0.352811 0.012246 0.015745
1 0.508397 0.357928 0.011196 0.014433
1 0.546185 0.368949 0.009797 0.011284
1 0.572426 0.365275 0.014695 0.011284
1 0.601466 0.354123 0.012596 0.013645
1 0.633305 0.355304 0.013995 0.014957
1 0.666544 0.354517 0.013296 0.018106
1 0.698034 0.355566 0.010496 0.016007
1 0.720951 0.347825 0.012246 0.013121
1 0.745268 0.347431 0.014695 0.013908
1 0.782006 0.347956 0.012596 0.018106
1 0.800374 0.345332 0.013645 0.013383
1 0.821892 0.350974 0.012596 0.015745
1 0.842535 0.340084 0.011896 0.019156
1 0.870876 0.338641 0.020993 0.019943
1 0.889245 0.345463 0.014345 0.018894
1 0.897117 0.343889 0.007697 0.020993
1 0.935254 0.401882 0.018894 0.022567
1 0.902715 0.394141 0.017494 0.013383
1 0.873150 0.398864 0.012246 0.017582
1 0.836412 0.398208 0.010147 0.014695
1 0.816644 0.395584 0.010496 0.020468
1 0.794951 0.400176 0.009797 0.019681
1 0.761712 0.406737 0.011196 0.016007
1 0.745268 0.400308 0.011196 0.017844
1 0.722875 0.401620 0.010496 0.013121
1 0.705556 0.397552 0.010147 0.017057
1 0.690336 0.402800 0.009797 0.016532
1 0.675116 0.406868 0.010846 0.017319
1 0.652024 0.403850 0.009447 0.018106
1 0.632606 0.402932 0.009097 0.018369
1 0.608814 0.404112 0.009097 0.015482
1 0.592194 0.397683 0.009447 0.013645
1 0.570151 0.403981 0.015045 0.013645
1 0.542686 0.393485 0.011896 0.013121
1 0.511196 0.395847 0.012596 0.016270
1 0.472884 0.396634 0.010846 0.017844
1 0.446118 0.396765 0.011196 0.016007
1 0.416553 0.396896 0.010846 0.017319
1 0.387338 0.397159 0.012596 0.011546
1 0.358822 0.400964 0.010846 0.014433
1 0.324009 0.411198 0.018194 0.019681
1 0.268553 0.397159 0.015045 0.018369
1 0.271527 0.450297 0.012596 0.020206
1 0.278524 0.447410 0.006998 0.022830
1 0.282898 0.460793 0.010846 0.019681
1 0.311238 0.455808 0.008747 0.013908
1 0.319635 0.457120 0.008047 0.016532
1 0.328907 0.458563 0.011896 0.012071
1 0.336080 0.463286 0.012246 0.010496
1 0.328907 0.458432 0.025891 0.020206
1 0.360047 0.470896 0.012596 0.015220
1 0.388387 0.464992 0.011896 0.015482
1 0.406406 0.469584 0.011546 0.015745
1 0.429674 0.461974 0.011896 0.019943
1 0.451541 0.453446 0.012246 0.010234
1 0.477782 0.448591 0.014345 0.013645
1 0.495626 0.449641 0.015045 0.012071
1 0.530265 0.447148 0.017144 0.010234
1 0.571201 0.446098 0.011546 0.012333
1 0.599367 0.444786 0.013296 0.008135
1 0.623684 0.444130 0.015745 0.009447
1 0.651149 0.448198 0.016095 0.012858
1 0.697159 0.447148 0.018544 0.012858
1 0.717802 0.455152 0.014345 0.017844
1 0.747892 0.448591 0.012246 0.011546
1 0.770984 0.455283 0.012946 0.016532
1 0.802998 0.447148 0.013296 0.012333
1 0.832039 0.450428 0.013296 0.012596
1 0.860029 0.449510 0.013995 0.012858
1 0.884521 0.449247 0.011896 0.010234
1 0.900966 0.447410 0.014695 0.012858
1 0.923708 0.454364 0.013995 0.015745
1 0.925982 0.506322 0.012946 0.016794
1 0.903415 0.508028 0.012596 0.017582
1 0.881547 0.506191 0.014345 0.013908
1 0.868427 0.508159 0.013995 0.014695
1 0.850932 0.505141 0.012596 0.019156
1 0.828365 0.509733 0.021343 0.019418
1 0.805273 0.500680 0.012946 0.016532
1 0.785679 0.500811 0.013645 0.016794
1 0.755764 0.500155 0.013995 0.014957
1 0.736696 0.505666 0.012246 0.016007
1 0.717627 0.512095 0.013995 0.021518
1 0.635755 0.516556 0.013995 0.018369
1 0.618435 0.507503 0.024142 0.017582
1 0.593419 0.511964 0.010496 0.018631
1 0.561055 0.521017 0.012246 0.019418
1 0.535163 0.516294 0.011546 0.013121
1 0.512071 0.517999 0.012246 0.020731
1 0.489853 0.518787 0.009797 0.014433
1 0.461863 0.521804 0.016794 0.013121
1 0.437371 0.518262 0.013296 0.017582
1 0.416028 0.524166 0.010496 0.014695
1 0.399059 0.530726 0.010147 0.011546
1 0.379115 0.535712 0.008747 0.012596
1 0.354624 0.524035 0.012246 0.015482
1 0.336255 0.519180 0.011896 0.015220
1 0.320685 0.526265 0.010147 0.015745
1 0.310189 0.517606 0.012946 0.011546
1 0.303191 0.513014 0.012946 0.010759
1 0.296018 0.509340 0.013995 0.012858
1 0.304066 0.512751 0.025891 0.016532
1 0.287096 0.514588 0.019244 0.017582
1 0.280973 0.503173 0.010496 0.018894
1 0.274501 0.503173 0.019943 0.019418
1 0.275550 0.558411 0.010846 0.017582
1 0.288846 0.555262 0.012946 0.018631
1 0.298468 0.571007 0.010496 0.016007
1 0.315437 0.569563 0.012246 0.018369
1 0.327158 0.566021 0.007697 0.022830
1 0.336080 0.561822 0.010846 0.010759
1 0.342378 0.566808 0.009447 0.011284
1 0.350775 0.571138 0.010147 0.010496
1 0.342028 0.566939 0.024142 0.018894
1 0.360047 0.577960 0.015395 0.014170
1 0.382439 0.572056 0.013995 0.016007
1 0.402908 0.574943 0.013645 0.011809
1 0.444369 0.568251 0.012596 0.019418
1 0.470960 0.560248 0.011196 0.013908
1 0.499650 0.554343 0.013296 0.011021
1 0.518194 0.555393 0.013296 0.013121
1 0.543560 0.555393 0.012246 0.012071
1 0.571201 0.565890 0.013645 0.015745
1 0.606714 0.559854 0.013296 0.014695
1 0.626833 0.564184 0.012946 0.013908
1 0.640478 0.564446 0.012946 0.013383
1 0.664445 0.568907 0.013995 0.016532
1 0.691561 0.563003 0.012246 0.018894
1 0.701707 0.563790 0.013645 0.012071
1 0.710105 0.568514 0.012946 0.011546
1 0.700308 0.564184 0.032539 0.020206
1 0.744568 0.575074 0.010496 0.015745
1 0.773433 0.570219 0.013645 0.017582
1 0.805448 0.573893 0.010496 0.016007
1 0.826091 0.584390 0.010496 0.008660
1 0.851632 0.579404 0.011196 0.010234
1 0.879273 0.566152 0.017494 0.016794
1 0.902015 0.570613 0.011196 0.016270
1 0.916885 0.569957 0.014345 0.014433
1 0.935954 0.571007 0.016794 0.019156
1 0.906739 0.626113 0.015045 0.012858
1 0.873500 0.622046 0.011546 0.011021
1 0.851982 0.622833 0.013995 0.012596
1 0.824691 0.617716 0.009797 0.014957
1 0.792327 0.618503 0.010147 0.012858
1 0.760138 0.618634 0.010846 0.014695
1 0.737745 0.619422 0.009447 0.016270
1 0.721126 0.619684 0.010496 0.016270
1 0.695584 0.630705 0.010496 0.019418
1 0.655698 0.627032 0.013995 0.017844
1 0.640653 0.634773 0.007697 0.018631
1 0.638029 0.611812 0.015045 0.022043
1 0.629981 0.612993 0.015045 0.020206
1 0.440345 0.630968 0.015745 0.018894
1 0.423551 0.623358 0.018544 0.020468
1 0.397659 0.627163 0.013645 0.020206
1 0.355673 0.638315 0.017144 0.016794
1 0.331356 0.632017 0.011896 0.016794
1 0.310014 0.637528 0.012596 0.016794
1 0.291995 0.638053 0.010147 0.015745
1 0.282023 0.613255 0.017494 0.025979
1 0.271701 0.616010 0.014345 0.017844