2 0.487034 0.093213 0.429996 0.006113
2 0.466786 0.106139 0.454447 0.007004
2 0.370414 0.121103 0.221206 0.005858
2 0.535745 0.118174 0.116334 0.005858
2 0.616549 0.116709 0.053296 0.002674
2 0.661440 0.116773 0.073544 0.005349
2 0.685509 0.132055 0.020440 0.007132
2 0.451599 0.131227 0.458459 0.005221
2 0.460291 0.164656 0.467437 0.005603
2 0.464971 0.180320 0.460751 0.004075
2 0.465066 0.192482 0.453301 0.004457
2 0.477101 0.206108 0.447570 0.004967
2 0.468314 0.248389 0.446806 0.005985
2 0.501820 0.262469 0.539797 0.007832
2 0.465544 0.275641 0.467246 0.005731
2 0.475684 0.289140 0.471862 0.004457
2 0.476515 0.319959 0.489188 0.003693
2 0.471199 0.332821 0.452958 0.005221
2 0.513182 0.349278 0.541509 0.008081
2 0.582917 0.363462 0.680979 0.009196
2 0.272036 0.391466 0.073735 0.006367
2 0.379296 0.392867 0.140021 0.003820
2 0.516165 0.394076 0.137538 0.004712
2 0.755084 0.396421 0.346413 0.008637
2 0.718418 0.409817 0.371267 0.009196
2 0.392000 0.404455 0.284626 0.005094
2 0.361722 0.418209 0.248523 0.005349
2 0.707991 0.421827 0.330163 0.009783
2 0.331827 0.433427 0.158550 0.004203
2 0.680898 0.436941 0.506735 0.009957
2 0.351884 0.468512 0.212419 0.006113
2 0.387164 0.483158 0.302463 0.006113
2 0.479489 0.498694 0.466482 0.006622
2 0.590550 0.512248 0.711528 0.009534
2 0.626354 0.539319 0.375488 0.003820
2 0.618089 0.555702 0.359342 0.003401
2 0.557331 0.570201 0.263805 0.002420
2 0.667023 0.581726 0.523685 0.004839
2 0.612937 0.608852 0.681037 0.009424
2 0.506964 0.621268 0.521050 0.005985
2 0.472600 0.635468 0.443154 0.008150
2 0.594957 0.648521 0.717667 0.007259
2 0.312533 0.723466 0.177653 0.004330
2 0.458381 0.724740 0.098378 0.006113
2 0.534504 0.725504 0.034002 0.005603
2 0.574141 0.724867 0.036486 0.002292
2 0.632404 0.726141 0.047183 0.002547
2 0.742530 0.725185 0.175361 0.004457
2 0.308904 0.710349 0.162753 0.004585
2 0.507856 0.710031 0.036868 0.003184
2 0.282543 0.697869 0.045464 0.006622
2 0.319506 0.696977 0.007450 0.001783
2 0.343193 0.698315 0.020822 0.004203
2 0.417597 0.697805 0.104681 0.003438
2 0.554179 0.699015 0.156258 0.005349
2 0.681879 0.700480 0.025406 0.004967
2 0.303937 0.682714 0.034384 0.006113
2 0.384168 0.683988 0.107738 0.004075
2 0.617705 0.685261 0.328009 0.006622
2 0.262772 0.752820 0.020058 0.002674
2 0.317118 0.753584 0.085961 0.002165
2 0.377959 0.754922 0.016619 0.005094
2 0.432497 0.755495 0.062274 0.005731
2 0.514542 0.755495 0.068578 0.004203
2 0.577771 0.755749 0.046419 0.003184
2 0.618841 0.756768 0.008214 0.001910
2 0.672996 0.756004 0.039733 0.004457
2 0.670991 0.769376 0.021968 0.002420
2 0.643101 0.770012 0.010888 0.001910
2 0.567551 0.769758 0.041261 0.002674
2 0.522278 0.769821 0.027125 0.002038
2 0.483405 0.769312 0.037250 0.003820
2 0.443385 0.769567 0.021777 0.002292
2 0.388943 0.768548 0.066859 0.002802
2 0.300117 0.768039 0.095894 0.002547
2 0.282638 0.781410 0.070870 0.003820
2 0.490855 0.781856 0.331809 0.005221
2 0.681306 0.783448 0.015473 0.003056
2 0.669654 0.796756 0.043745 0.005221
2 0.579204 0.797584 0.144032 0.002547
2 0.434216 0.797265 0.149381 0.004967
2 0.308044 0.796756 0.109075 0.002674
2 0.736132 0.797454 0.093500 0.004269
2 0.763414 0.783963 0.114762 0.004953
2 0.892393 0.781487 0.077106 0.003416
2 0.932226 0.766288 0.061480 0.006831
2 0.756881 0.769874 0.083766 0.004099
2 0.702062 0.770130 0.013064 0.002220
2 0.703343 0.756724 0.019725 0.002391
2 0.738053 0.756639 0.021006 0.003928
2 0.769177 0.755956 0.020237 0.004269
2 0.860884 0.753906 0.111432 0.004611
2 0.715126 0.700368 0.019725 0.004782
2 0.751886 0.700624 0.021518 0.003586
2 0.781601 0.700795 0.021518 0.003245
2 0.871643 0.698916 0.141659 0.003245
2 0.861397 0.686022 0.143196 0.005123
2 0.728575 0.637010 0.042011 0.003757
2 0.778655 0.636668 0.035607 0.003416
2 0.827199 0.636668 0.013321 0.002391
2 0.891496 0.635900 0.077874 0.004953
2 0.872540 0.623689 0.178291 0.003416
2 0.709491 0.569467 0.025873 0.003586
2 0.787237 0.569467 0.116811 0.004269
2 0.902383 0.569211 0.094013 0.004099
2 0.824509 0.555891 0.016138 0.003757
2 0.846923 0.555293 0.016395 0.003586
2 0.871771 0.555805 0.012808 0.003928
2 0.923517 0.555122 0.034838 0.003245
2 0.786853 0.500474 0.146270 0.004953
2 0.903536 0.502438 0.065578 0.003757
2 0.886629 0.486470 0.075825 0.005977
2 0.770970 0.485701 0.015626 0.003757
2 0.714742 0.484506 0.080948 0.004099
2 0.646090 0.484250 0.027666 0.002903
2 0.602926 0.485104 0.038681 0.003586
2 0.562964 0.484591 0.027922 0.004611
2 0.611252 0.471100 0.288442 0.006660
2 0.855889 0.474516 0.185976 0.008027
2 0.877919 0.350788 0.115787 0.004782
2 0.734467 0.335247 0.034838 0.003757
2 0.800045 0.336272 0.019981 0.004782
2 0.872668 0.338065 0.104772 0.005294
2 0.826174 0.322353 0.170094 0.005977
2 0.833731 0.294432 0.225681 0.008880
2 0.728063 0.277952 0.054819 0.004611
2 0.782498 0.279318 0.035095 0.004611
2 0.819258 0.280428 0.024592 0.004099
2 0.896107 0.282477 0.117324 0.007856
2 0.817849 0.267193 0.068396 0.008027
2 0.913142 0.270694 0.081204 0.005465
2 0.803631 0.253189 0.231573 0.010076
2 0.823228 0.212629 0.246687 0.011613
2 0.735235 0.196320 0.089658 0.008027
2 0.798252 0.198540 0.022543 0.004953
2 0.826046 0.199736 0.017163 0.002220
2 0.867673 0.200760 0.048159 0.005977
2 0.925054 0.202212 0.037400 0.003416
2 0.838726 0.184964 0.204420 0.008880
2 0.832706 0.171643 0.277427 0.015370
2 0.816312 0.135951 0.241564 0.012296
2 0.763414 0.121435 0.128595 0.005806
2 0.868825 0.125106 0.084278 0.007685
2 0.894442 0.113835 0.069421 0.006660
2 0.828992 0.110676 0.059943 0.003757
2 0.747403 0.107346 0.095550 0.004269
2 0.720506 0.093086 0.023311 0.010930
2 0.760340 0.094708 0.016395 0.003245
2 0.817080 0.096757 0.086328 0.007685
2 0.873308 0.098978 0.006660 0.002903
2 0.908403 0.100771 0.028690 0.005465
0 0.875998 0.153968 0.030484 0.014174
0 0.841672 0.152004 0.029971 0.016053
0 0.809011 0.150211 0.029715 0.019298
0 0.780192 0.151235 0.029459 0.012467
0 0.730368 0.152260 0.057893 0.019981
0 0.688485 0.146624 0.033045 0.011784
0 0.637252 0.142867 0.053026 0.021689
0 0.593704 0.145173 0.031508 0.017761
0 0.549388 0.147478 0.055588 0.023055
0 0.464597 0.147734 0.104259 0.012979
0 0.813238 0.230646 0.108870 0.026129
0 0.692968 0.232013 0.125521 0.020664
0 0.607537 0.231073 0.032021 0.022543
0 0.558994 0.226292 0.033814 0.012637
0 0.468440 0.226462 0.133974 0.017419
0 0.379678 0.218863 0.038425 0.031252
0 0.430143 0.300665 0.067115 0.019298
0 0.549388 0.298103 0.150369 0.018615
0 0.333689 0.303251 0.116570 0.022763
0 0.661588 0.299726 0.058662 0.013662
0 0.710900 0.289479 0.021006 0.038254
0 0.771739 0.300579 0.103747 0.020152
0 0.858707 0.304251 0.066603 0.015199
0 0.853840 0.378283 0.085559 0.018102
0 0.799021 0.376404 0.028178 0.016736
0 0.763926 0.375123 0.033301 0.015541
0 0.673372 0.373416 0.129363 0.021347
0 0.592364 0.372100 0.027922 0.016736
0 0.505455 0.372476 0.078387 0.016053
0 0.426813 0.373074 0.093756 0.019981
0 0.384033 0.450692 0.048671 0.028007
0 0.464213 0.434810 0.031252 0.051916
0 0.500588 0.443947 0.033814 0.029203
0 0.549132 0.445825 0.029971 0.024763
0 0.646090 0.445996 0.032277 0.023055
0 0.699244 0.446167 0.024848 0.026812
0 0.836036 0.444373 0.169325 0.032448
0 0.529663 0.519003 0.135511 0.016053
0 0.654415 0.519601 0.078643 0.019298
0 0.711284 0.519430 0.023823 0.014174
0 0.769177 0.516185 0.090426 0.017932
0 0.859475 0.517039 0.063017 0.013491
0 0.515062 0.589534 0.088377 0.019810
0 0.632769 0.589107 0.134230 0.018615
0 0.722171 0.588936 0.044573 0.018273
0 0.790567 0.589534 0.092219 0.018785
0 0.877279 0.590985 0.081204 0.021347
0 0.873436 0.661858 0.036632 0.020664
0 0.838342 0.663224 0.025873 0.015541
0 0.781089 0.665871 0.082997 0.026300
0 0.679263 0.666725 0.121166 0.024592
0 0.595625 0.665956 0.035351 0.022372
0 0.536964 0.664248 0.068140 0.025446
0 0.465750 0.664334 0.074288 0.025617
0 0.410162 0.664334 0.036888 0.025958
0 0.328997 0.663565 0.124930 0.024421
0 0.323681 0.736244 0.113939 0.017735
0 0.422842 0.735975 0.085815 0.021689
0 0.517751 0.736316 0.064554 0.020664
0 0.572443 0.733840 0.029459 0.040303
0 0.597419 0.726753 0.034838 0.049013
0 0.664534 0.738109 0.123472 0.020152
0 0.776862 0.734608 0.100673 0.013150
0 0.883555 0.728290 0.050721 0.032960
0 0.893289 0.807189 0.019981 0.014516
0 0.820410 0.806505 0.030996 0.016565
0 0.749325 0.808896 0.030227 0.014516
0 0.684515 0.808640 0.046622 0.017078
0 0.557329 0.809409 0.068908 0.017248
0 0.494953 0.810860 0.043036 0.013321
0 0.465622 0.810519 0.017675 0.014345
0 0.411443 0.810433 0.074288 0.019981
0 0.350656 0.810433 0.032429 0.014174
0 0.328898 0.148427 0.096661 0.027176
0 0.295855 0.227485 0.056514 0.015647
0 0.363950 0.374175 0.032735 0.014206
0 0.298480 0.374175 0.048176 0.013382
0 0.298943 0.449630 0.052808 0.016059
0 0.326274 0.809508 0.016059 0.016059
0 0.291531 0.787478 0.057132 0.062587
0 0.205834 0.547217 0.011118 0.021412
0 0.188385 0.547628 0.012044 0.018529
0 0.163217 0.545261 0.037676 0.022029
0 0.127393 0.542584 0.028411 0.028617
0 0.104105 0.537903 0.028284 0.021470
0 0.082262 0.537156 0.022123 0.018856
0 0.145691 0.429434 0.056568 0.033045
1 0.281670 0.101077 0.032264 0.029543
1 0.298728 0.100546 0.025323 0.022235
1 0.318647 0.094679 0.014515 0.010500
1 0.329302 0.095502 0.009265 0.008441
1 0.352309 0.111355 0.017603 0.014617
1 0.369448 0.104458 0.025323 0.014823
1 0.385661 0.101267 0.013897 0.006794
1 0.394154 0.092002 0.030264 0.012970
1 0.413301 0.111664 0.031500 0.014000
1 0.435381 0.101164 0.010191 0.005765
1 0.444028 0.090458 0.028103 0.014412
1 0.467035 0.096943 0.016059 0.014617
1 0.495292 0.103223 0.026250 0.013176
1 0.552578 0.105796 0.014206 0.008441
1 0.570799 0.107032 0.013588 0.013382
1 0.574968 0.096017 0.007103 0.006588
1 0.588556 0.101576 0.018838 0.014823
1 0.606004 0.086752 0.021000 0.009882
1 0.610482 0.103326 0.013279 0.005971
1 0.624379 0.106105 0.014515 0.014000
1 0.646614 0.093238 0.022544 0.015029
1 0.659893 0.103120 0.015750 0.007618
1 0.672555 0.104664 0.009573 0.009059
1 0.696334 0.109502 0.029338 0.015441
1 0.707606 0.088605 0.022853 0.013588
1 0.733856 0.097561 0.016676 0.014206
1 0.752385 0.090973 0.020382 0.014206
1 0.770296 0.090870 0.015441 0.014412
1 0.789752 0.111664 0.025323 0.013588
1 0.819399 0.118561 0.010500 0.007206
1 0.857538 0.108164 0.022544 0.028000
1 0.879001 0.106105 0.008647 0.006176
1 0.887339 0.096223 0.025323 0.016470
1 0.911118 0.207501 0.020382 0.011735
1 0.895214 0.203589 0.013279 0.010088
1 0.883788 0.182281 0.023161 0.011529
1 0.876222 0.192060 0.008029 0.008029
1 0.859391 0.195148 0.025632 0.015853
1 0.840862 0.202457 0.016985 0.008647
1 0.822178 0.192369 0.026559 0.021412
1 0.786973 0.198133 0.014823 0.009882
1 0.729995 0.184648 0.023779 0.012147
1 0.701893 0.182898 0.018220 0.010294
1 0.668386 0.180016 0.022235 0.010706
1 0.630710 0.190001 0.016676 0.008441
1 0.627622 0.183928 0.012353 0.004529
1 0.623144 0.178060 0.012662 0.005971
1 0.611254 0.177443 0.010500 0.005971
1 0.605541 0.169722 0.007720 0.004941
1 0.599519 0.164678 0.013588 0.007206
1 0.562615 0.166119 0.024397 0.014206
1 0.556902 0.178575 0.017912 0.006588
1 0.507645 0.190825 0.014515 0.010912
1 0.457616 0.169001 0.040455 0.013382
1 0.421176 0.176825 0.025632 0.014617
1 0.380411 0.184751 0.018220 0.012765
1 0.339493 0.189692 0.017912 0.014000
1 0.319111 0.190928 0.022853 0.012353
1 0.299655 0.202972 0.014206 0.005559
1 0.296258 0.194119 0.020382 0.006794
1 0.291317 0.187942 0.014206 0.005559
1 0.285295 0.180840 0.015750 0.005765
1 0.257038 0.180840 0.029647 0.020588
1 0.268464 0.262780 0.027176 0.022235
1 0.294868 0.267309 0.026250 0.010706
1 0.341963 0.279044 0.008647 0.006588
1 0.374698 0.278015 0.016059 0.006588
1 0.404499 0.280280 0.029338 0.011529
1 0.420867 0.259074 0.023161 0.011941
1 0.437852 0.265147 0.019456 0.011323
1 0.455146 0.257839 0.018838 0.013588
1 0.472748 0.256397 0.016367 0.010706
1 0.490506 0.278633 0.021000 0.012765
1 0.519689 0.284088 0.010809 0.009265
1 0.558292 0.271838 0.037985 0.030882
1 0.603379 0.256912 0.025632 0.012970
1 0.590872 0.267721 0.012353 0.008235
1 0.638894 0.261956 0.013897 0.007823
1 0.641364 0.268853 0.013279 0.007618
1 0.643989 0.276985 0.011735 0.007823
1 0.651864 0.283368 0.011426 0.005765
1 0.670084 0.272250 0.021926 0.015235
1 0.689386 0.272765 0.017294 0.015853
1 0.734628 0.283985 0.013897 0.007412
1 0.760877 0.278221 0.015750 0.009882
1 0.784657 0.260721 0.029338 0.012765
1 0.804884 0.279456 0.009882 0.012353
1 0.833450 0.281412 0.010191 0.008029
1 0.856457 0.268544 0.013588 0.010294
1 0.869428 0.269471 0.010500 0.008029
1 0.890736 0.263192 0.011735 0.006588
1 0.863714 0.345955 0.018838 0.009059
1 0.812914 0.345646 0.029647 0.018735
1 0.781260 0.342352 0.036750 0.033970
1 0.751922 0.330411 0.021926 0.013382
1 0.733238 0.317029 0.027176 0.022029
1 0.710849 0.335867 0.029338 0.020176
1 0.676724 0.329794 0.026559 0.016265
1 0.662364 0.352955 0.029956 0.014823
1 0.632872 0.350382 0.018529 0.009676
1 0.614651 0.337102 0.027176 0.013588
1 0.590100 0.353573 0.018220 0.015235
1 0.580372 0.347396 0.011735 0.007000
1 0.572188 0.329279 0.025014 0.011941
1 0.564005 0.339161 0.008647 0.007823
1 0.549645 0.344102 0.030573 0.013588
1 0.532505 0.351926 0.027794 0.011941
1 0.516601 0.333397 0.037367 0.010294
1 0.499770 0.349455 0.015441 0.009882
1 0.479079 0.349146 0.012970 0.009676
1 0.460550 0.334632 0.019764 0.008647
1 0.428278 0.336176 0.021309 0.013382
1 0.398632 0.348735 0.018220 0.011735
1 0.370220 0.350382 0.016985 0.009676
1 0.352926 0.343896 0.017603 0.013588
1 0.339956 0.349249 0.015750 0.007000
1 0.337022 0.341117 0.013588 0.008441
1 0.336096 0.334529 0.015441 0.008853
1 0.321427 0.335147 0.013897 0.010088
1 0.324206 0.327735 0.013279 0.009676
1 0.315405 0.322279 0.021617 0.009470
1 0.308611 0.334323 0.019147 0.006794
1 0.284059 0.334529 0.015750 0.010912
1 0.254258 0.335764 0.028411 0.024911
1 0.260280 0.407307 0.019456 0.025117
1 0.284368 0.403602 0.013897 0.018117
1 0.297030 0.397940 0.012662 0.006794
1 0.297184 0.405866 0.009265 0.008235
1 0.302280 0.411837 0.025014 0.021823
1 0.317103 0.397116 0.015750 0.012559
1 0.332081 0.395572 0.014823 0.007823
1 0.328221 0.406999 0.012044 0.008029
1 0.328375 0.412969 0.018529 0.006382
1 0.328684 0.420690 0.014206 0.005765
1 0.379330 0.423469 0.032735 0.013794
1 0.397860 0.406587 0.027794 0.009676
1 0.412683 0.395572 0.022235 0.014412
1 0.422102 0.399381 0.010191 0.005971
1 0.420867 0.406793 0.012662 0.008853
1 0.423492 0.412969 0.017912 0.005147
1 0.432911 0.406587 0.010191 0.010088
1 0.448815 0.398866 0.016059 0.017294
1 0.461477 0.398558 0.009265 0.010088
1 0.467035 0.405660 0.008647 0.009059
1 0.481395 0.406072 0.015750 0.007412
1 0.484947 0.413484 0.008647 0.007412
1 0.487572 0.419866 0.013897 0.005353
1 0.501778 0.412146 0.022544 0.010912
1 0.522623 0.413999 0.019764 0.014617
1 0.464101 0.473086 0.025014 0.018735
1 0.492822 0.513644 0.008956 0.008441
1 0.515057 0.512203 0.008338 0.007618
1 0.539917 0.497689 0.024088 0.038294
1 0.550880 0.477615 0.013897 0.009676
1 0.580063 0.484924 0.010500 0.009059
1 0.625460 0.487909 0.021617 0.018323
1 0.666996 0.487498 0.016985 0.015441
1 0.714400 0.496865 0.023470 0.014412
1 0.752694 0.483483 0.026559 0.036235
1 0.783730 0.486674 0.016367 0.014206
1 0.802414 0.482248 0.026559 0.016059
1 0.823259 0.483689 0.016367 0.018117
1 0.843023 0.486674 0.016367 0.011323
1 0.873905 0.497895 0.025632 0.017294
1 0.912199 0.548644 0.031808 0.026559
1 0.884405 0.555541 0.014515 0.008235
1 0.857229 0.562541 0.021926 0.025117
1 0.833296 0.558526 0.021000 0.017912
1 0.810134 0.546276 0.023470 0.025941
1 0.796546 0.562850 0.009265 0.011735
1 0.771068 0.564291 0.012662 0.007206
1 0.726907 0.570673 0.014515 0.010088
1 0.689540 0.566453 0.026867 0.019353
1 0.656187 0.571497 0.026867 0.031088
1 0.621291 0.568409 0.033661 0.023264
1 0.587321 0.571908 0.029338 0.028617
1 0.545784 0.567585 0.031500 0.022029
1 0.496373 0.563982 0.021000 0.011118
1 0.476145 0.541644 0.018220 0.021617
1 0.275876 0.608040 0.027176 0.011941
1 0.302280 0.634599 0.012044 0.009882
1 0.308302 0.620702 0.016059 0.008029
1 0.346132 0.618746 0.026250 0.014412
1 0.376088 0.621011 0.018220 0.009059
1 0.416234 0.631511 0.025014 0.015235
1 0.447271 0.632128 0.027794 0.019353
1 0.477998 0.634599 0.013897 0.011118
1 0.522777 0.634496 0.015132 0.009676
1 0.549181 0.630275 0.015441 0.009470
1 0.568637 0.630893 0.011118 0.007823
1 0.578519 0.616173 0.022235 0.020382
1 0.601063 0.628217 0.023470 0.016882
1 0.649857 0.634084 0.027176 0.020382
1 0.700194 0.637687 0.014823 0.008235
1 0.756245 0.636349 0.015750 0.010500
1 0.771377 0.627393 0.031191 0.018117
1 0.794693 0.629761 0.014823 0.008441
1 0.800098 0.636452 0.013897 0.007823
1 0.798708 0.646128 0.014206 0.010706
1 0.814766 0.632128 0.025323 0.021412
1 0.835766 0.631922 0.016676 0.021412
1 0.851516 0.636040 0.016676 0.009059
1 0.879464 0.630378 0.010809 0.012970
1 0.856148 0.720657 0.024088 0.027176
1 0.836847 0.730436 0.013897 0.019147
1 0.828972 0.714583 0.019147 0.019559
1 0.811678 0.713348 0.017912 0.009265
1 0.797318 0.707377 0.016985 0.009676
1 0.780179 0.693686 0.022235 0.020588
1 0.769833 0.702848 0.019456 0.014206
1 0.738951 0.701613 0.012044 0.012970
1 0.696643 0.700172 0.019456 0.010088
1 0.666224 0.700789 0.020382 0.010500
1 0.636114 0.705730 0.023779 0.020382
1 0.549953 0.721995 0.017603 0.020794
1 0.530498 0.714274 0.031808 0.019764
1 0.512123 0.724054 0.013588 0.011323
1 0.486028 0.718289 0.013897 0.009676
1 0.485256 0.710774 0.014206 0.011529
1 0.473829 0.705319 0.030882 0.022441
1 0.450668 0.715407 0.019764 0.019559
1 0.426889 0.710054 0.015441 0.010500
1 0.405426 0.725186 0.015750 0.009470
1 0.402029 0.708510 0.025632 0.021000
1 0.359566 0.700686 0.022235 0.017294
1 0.322971 0.694304 0.036750 0.031294
1 0.301508 0.705216 0.016059 0.009470
1 0.275413 0.685451 0.013279 0.016059
1 0.275258 0.756377 0.014206 0.015029
1 0.320191 0.782627 0.017603 0.009882
1 0.358331 0.762656 0.029029 0.024294
1 0.393536 0.755965 0.019764 0.009676
1 0.427815 0.769347 0.014823 0.009265
1 0.469197 0.762347 0.030882 0.024088
1 0.499770 0.764818 0.019147 0.016265
1 0.543314 0.763583 0.025941 0.025323
1 0.557519 0.762656 0.012970 0.008647
1 0.561689 0.776759 0.011426 0.008853
1 0.583306 0.774185 0.022544 0.018941
1 0.598284 0.777068 0.015441 0.009059
1 0.604460 0.758024 0.013588 0.008853
1 0.612644 0.756480 0.013279 0.010706
1 0.628548 0.762862 0.022235 0.025117
1 0.653562 0.762656 0.025941 0.021823
1 0.663754 0.779744 0.027176 0.015647
1 0.688922 0.776141 0.016367 0.021617
1 0.705444 0.773465 0.020382 0.016676
1 0.725518 0.753392 0.033353 0.018941
1 0.755010 0.755142 0.022544 0.015029
1 0.775701 0.750818 0.021309 0.023676
1 0.799017 0.752053 0.022853 0.018323
1 0.806892 0.767186 0.019456 0.013588
1 0.822178 0.768730 0.008647 0.005559
1 0.838546 0.771509 0.027176 0.018117
1 0.854604 0.764406 0.015441 0.017912
1 0.868192 0.770994 0.019147 0.014617
1 0.891971 0.771097 0.034588 0.028823
1 0.918993 0.776553 0.016985 0.017088