2 0.407053 0.745107 0.594768 0.009867
2 0.157512 0.758415 0.105324 0.008031
2 0.147358 0.772986 0.070560 0.008720
2 0.157856 0.787328 0.070216 0.006196
2 0.412216 0.716883 0.614732 0.004819
2 0.392080 0.701853 0.599243 0.005966
2 0.347679 0.685790 0.505622 0.007802
2 0.411355 0.672367 0.593047 0.007572
2 0.545419 0.601692 0.366911 0.004360
2 0.230653 0.599627 0.270193 0.007572
2 0.170075 0.615345 0.160050 0.006884
2 0.458338 0.615345 0.424048 0.005048
2 0.128772 0.641848 0.069872 0.004819
2 0.194341 0.641389 0.066774 0.004819
2 0.302246 0.643110 0.160050 0.005966
2 0.540600 0.644717 0.326296 0.005048
2 0.164568 0.628310 0.120124 0.008031
2 0.292264 0.629457 0.140776 0.004819
2 0.458338 0.629916 0.195503 0.004360
2 0.641966 0.630605 0.176572 0.003901
2 0.657454 0.527117 0.201354 0.007113
2 0.370052 0.525396 0.382400 0.005966
2 0.408430 0.539622 0.625746 0.007343
2 0.420993 0.554423 0.655002 0.004360
2 0.409462 0.569912 0.637448 0.005966
2 0.417551 0.492468 0.629532 0.008031
2 0.315153 0.478356 0.425425 0.005048
2 0.645063 0.478471 0.121501 0.005737
2 0.666231 0.465162 0.119780 0.004360
2 0.329781 0.464473 0.459500 0.004360
2 0.335116 0.451164 0.479807 0.004360
2 0.668813 0.451968 0.120124 0.005966
2 0.402923 0.416516 0.605094 0.007572
2 0.679655 0.401600 0.150757 0.006196
2 0.579150 0.402977 0.055071 0.004360
2 0.381755 0.401141 0.342474 0.005278
2 0.156823 0.402289 0.114273 0.005737
2 0.216369 0.388062 0.238871 0.007113
2 0.463673 0.387144 0.266062 0.004819
2 0.659864 0.386915 0.130450 0.002524
2 0.570201 0.375786 0.318036 0.005507
2 0.338902 0.374983 0.150069 0.003442
2 0.182122 0.377048 0.173130 0.007113
2 0.171796 0.342169 0.133892 0.006654
2 0.273505 0.341366 0.070904 0.005966
2 0.521670 0.339760 0.437816 0.005048
2 0.505492 0.325648 0.444011 0.005737
2 0.228760 0.326681 0.119091 0.006425
2 0.141507 0.329778 0.065741 0.008031
2 0.193824 0.315322 0.153167 0.005278
2 0.361963 0.313601 0.187242 0.005507
2 0.584485 0.312225 0.265374 0.005966
2 0.497404 0.300637 0.423704 0.005737
2 0.238570 0.303046 0.097407 0.008261
2 0.152693 0.304079 0.078476 0.005737
2 0.599630 0.272642 0.222006 0.002524
2 0.595844 0.258530 0.247476 0.006425
2 0.393457 0.258989 0.166934 0.006425
2 0.283315 0.260940 0.058169 0.005278
2 0.179884 0.263005 0.150069 0.007113
2 0.183326 0.249237 0.164525 0.007572
2 0.300353 0.246483 0.078476 0.008949
2 0.385713 0.243845 0.092933 0.003671
2 0.552647 0.243959 0.251950 0.005737
2 0.695660 0.245336 0.054727 0.005278
2 0.618044 0.230995 0.208582 0.006884
2 0.423230 0.230765 0.193437 0.006884
2 0.278496 0.233289 0.104291 0.009179
2 0.156479 0.236272 0.145939 0.007802
2 0.158028 0.202426 0.105668 0.008031
2 0.284520 0.196231 0.163837 0.009408
2 0.426500 0.193592 0.134580 0.004130
2 0.600318 0.194281 0.219940 0.006884
2 0.603072 0.180169 0.246788 0.005737
2 0.432695 0.179824 0.102914 0.004130
2 0.317906 0.181890 0.126664 0.008261
2 0.179368 0.187970 0.158674 0.012620
2 0.127739 0.176497 0.036140 0.006196
2 0.196062 0.172826 0.101882 0.010326
2 0.277636 0.168351 0.087425 0.009179
2 0.529758 0.166057 0.425769 0.006884
2 0.588960 0.151486 0.287402 0.007113
2 0.341484 0.153551 0.215122 0.009867
2 0.203634 0.157681 0.066774 0.007572
2 0.139442 0.161467 0.066430 0.006425
2 0.123609 0.093432 0.038894 0.005278
2 0.169731 0.089645 0.064364 0.007802
2 0.271096 0.085056 0.156264 0.008261
2 0.428737 0.081270 0.165213 0.008490
2 0.622347 0.077025 0.230955 0.007802
2 0.605997 0.091481 0.269849 0.005507
2 0.414625 0.095152 0.115649 0.007343
2 0.325823 0.097218 0.066774 0.003671
2 0.249068 0.098021 0.092933 0.006654
2 0.151316 0.103184 0.104635 0.011014
2 0.136516 0.117181 0.071592 0.010096
2 0.193996 0.112592 0.050941 0.006884
2 0.290371 0.109379 0.150757 0.007343
2 0.546452 0.105478 0.366911 0.007802
2 0.655389 0.116951 0.147659 0.006884
2 0.517711 0.118099 0.132515 0.006884
2 0.393801 0.120279 0.123566 0.006196
2 0.276259 0.121885 0.118403 0.005737
2 0.194513 0.124753 0.048531 0.008261
2 0.141163 0.129457 0.066430 0.012620
0 0.149079 0.142078 0.032010 0.017210
0 0.217230 0.138865 0.103603 0.022717
0 0.300525 0.137374 0.058169 0.013309
0 0.358177 0.134161 0.058513 0.018357
0 0.404299 0.134735 0.030978 0.012620
0 0.432695 0.130834 0.039582 0.022258
0 0.445603 0.121197 0.024782 0.045663
0 0.495339 0.132440 0.083639 0.013997
0 0.587927 0.131408 0.093277 0.017439
0 0.667780 0.132096 0.060922 0.015145
0 0.175066 0.214359 0.058513 0.012620
0 0.239258 0.212638 0.074002 0.011932
0 0.326339 0.208048 0.102914 0.018816
0 0.467631 0.207819 0.179670 0.019734
0 0.578290 0.210917 0.041648 0.012162
0 0.619765 0.211031 0.041992 0.013768
0 0.675525 0.211949 0.064709 0.011473
0 0.679999 0.282394 0.031666 0.016980
0 0.627337 0.282853 0.046122 0.013768
0 0.569513 0.280673 0.070904 0.013997
0 0.523907 0.272527 0.025815 0.035796
0 0.502223 0.279870 0.036140 0.020193
0 0.449905 0.282050 0.070560 0.011703
0 0.387606 0.281476 0.053350 0.013768
0 0.281594 0.282624 0.069872 0.018357
0 0.204322 0.286410 0.088802 0.016292
0 0.144604 0.286410 0.029257 0.019963
0 0.162503 0.359035 0.060234 0.014227
0 0.213960 0.357773 0.029601 0.013997
0 0.283659 0.357199 0.109110 0.022028
0 0.353531 0.355593 0.017554 0.011932
0 0.445431 0.356740 0.050597 0.019734
0 0.492929 0.355478 0.040959 0.018587
0 0.555229 0.357085 0.084328 0.014915
0 0.657627 0.357314 0.100505 0.016751
0 0.656938 0.431316 0.072281 0.015603
0 0.554712 0.428792 0.101882 0.016980
0 0.482948 0.431431 0.048531 0.013538
0 0.424607 0.430972 0.072969 0.018587
0 0.366094 0.430972 0.047499 0.014456
0 0.309646 0.431545 0.060578 0.017898
0 0.248551 0.432119 0.045089 0.019504
0 0.175754 0.432578 0.098440 0.017210
0 0.155791 0.508989 0.041992 0.019504
0 0.193308 0.502908 0.031666 0.021111
0 0.221704 0.486387 0.024438 0.047269
0 0.239430 0.507498 0.029601 0.022487
0 0.298287 0.505662 0.083295 0.015145
0 0.373494 0.505547 0.056104 0.013079
0 0.439235 0.503941 0.076067 0.018587
0 0.490176 0.506236 0.023749 0.013997
0 0.619765 0.508989 0.035796 0.019504
0 0.666576 0.507727 0.058513 0.020193
0 0.138237 0.577943 0.024094 0.018357
0 0.218778 0.581041 0.028912 0.011244
0 0.291231 0.581614 0.116682 0.022946
0 0.372289 0.580237 0.028912 0.011932
0 0.433212 0.580582 0.013079 0.013079
0 0.475031 0.581614 0.058857 0.017439
0 0.535437 0.580123 0.050252 0.016292
0 0.600834 0.579664 0.063332 0.016292
0 0.670706 0.583565 0.043369 0.011703
0 0.195373 0.651486 0.142497 0.015833
0 0.294157 0.655960 0.044057 0.022487
0 0.594295 0.654010 0.044057 0.014915
0 0.640245 0.653436 0.031322 0.013768
0 0.675180 0.653092 0.019963 0.012620
0 0.744191 0.652059 0.115305 0.018816
0 0.088673 0.723193 0.039927 0.022946
0 0.134107 0.709999 0.024782 0.048876
0 0.180745 0.727323 0.067806 0.015145
0 0.233579 0.726405 0.033043 0.016980
0 0.270924 0.727897 0.040959 0.016751
0 0.329781 0.726979 0.076755 0.017669
0 0.395006 0.726864 0.053694 0.017439
0 0.468147 0.726405 0.036140 0.016521
0 0.522530 0.726635 0.076067 0.016980
0 0.621314 0.729618 0.125631 0.019734
0 0.143572 0.795933 0.039582 0.013309
0 0.238570 0.799145 0.155920 0.016521
0 0.349056 0.800292 0.045778 0.014227
0 0.399308 0.801555 0.043024 0.015833
0 0.474687 0.792950 0.106356 0.033502
0 0.551787 0.797539 0.040271 0.019275
0 0.612537 0.796162 0.074346 0.039927
0 0.707363 0.799375 0.133203 0.034419
1 0.120339 0.743271 0.024782 0.018128
1 0.139442 0.766906 0.020996 0.017210
1 0.178336 0.767709 0.014800 0.010555
1 0.217918 0.764496 0.033387 0.021111
1 0.251305 0.772069 0.014800 0.011932
1 0.269891 0.754056 0.040271 0.028224
1 0.303967 0.758645 0.029257 0.017669
1 0.362308 0.758989 0.026159 0.018816
1 0.351810 0.771151 0.017554 0.012850
1 0.377108 0.767594 0.029601 0.022258
1 0.372978 0.761054 0.011703 0.008720
1 0.403439 0.766332 0.017554 0.018357
1 0.124641 0.685790 0.018931 0.015145
1 0.158716 0.693133 0.029945 0.024782
1 0.149251 0.709884 0.014456 0.009637
1 0.185047 0.686823 0.009637 0.006196
1 0.205355 0.695084 0.029601 0.028683
1 0.221704 0.696116 0.007916 0.008261
1 0.221188 0.709081 0.011703 0.008949
1 0.239430 0.709196 0.011703 0.009637
1 0.269375 0.708163 0.026847 0.017669
1 0.281594 0.688544 0.014800 0.009179
1 0.304311 0.688544 0.014112 0.008261
1 0.325135 0.695887 0.011703 0.006425
1 0.336493 0.684414 0.026159 0.016062
1 0.360587 0.695428 0.017210 0.039927
1 0.389499 0.683725 0.028224 0.016980
1 0.412044 0.682578 0.023749 0.018357
1 0.421509 0.686938 0.009637 0.009179
1 0.423574 0.694969 0.011014 0.008261
1 0.432867 0.685905 0.008261 0.006654
1 0.434244 0.693248 0.013079 0.006654
1 0.439579 0.701968 0.010670 0.007113
1 0.442505 0.711146 0.013079 0.010326
1 0.455584 0.705639 0.019963 0.019045
1 0.476752 0.709196 0.015489 0.008720
1 0.507558 0.706672 0.026159 0.020193
1 0.525112 0.687167 0.018587 0.011014
1 0.544214 0.696346 0.024438 0.018816
1 0.585690 0.687052 0.010326 0.013079
1 0.596016 0.685905 0.013768 0.011244
1 0.623035 0.704606 0.018931 0.016062
1 0.649194 0.694625 0.027880 0.028224
1 0.668985 0.705180 0.023405 0.015833
1 0.679483 0.706557 0.009293 0.007572
1 0.685162 0.711031 0.028912 0.015603
1 0.786355 0.627507 0.007572 0.006425
1 0.783602 0.620279 0.009637 0.008490
1 0.772071 0.617869 0.026503 0.016062
1 0.736619 0.633129 0.029945 0.016751
1 0.749526 0.618443 0.026847 0.017669
1 0.702544 0.631408 0.010670 0.009179
1 0.687744 0.633358 0.016866 0.016751
1 0.668297 0.641963 0.022717 0.018357
1 0.672599 0.630146 0.009982 0.008490
1 0.656594 0.630949 0.026847 0.023864
1 0.645408 0.619017 0.019619 0.012391
1 0.627854 0.630490 0.007916 0.007343
1 0.628026 0.623835 0.007572 0.006884
1 0.623723 0.620508 0.018931 0.012620
1 0.600834 0.625212 0.020652 0.015603
1 0.576569 0.638406 0.040271 0.027765
1 0.589304 0.613510 0.016177 0.014686
1 0.559875 0.628998 0.009637 0.006654
1 0.557122 0.615460 0.008949 0.010326
1 0.579494 0.610297 0.013768 0.030748
1 0.574504 0.599627 0.027880 0.009867
1 0.549549 0.598594 0.024782 0.014686
1 0.532684 0.601463 0.011703 0.009867
1 0.522014 0.602610 0.013768 0.008031
1 0.504460 0.620623 0.036485 0.018816
1 0.479850 0.630375 0.012735 0.009408
1 0.473827 0.623950 0.008949 0.009408
1 0.465222 0.617755 0.022028 0.013538
1 0.456273 0.630949 0.017898 0.010555
1 0.447152 0.622229 0.009982 0.008261
1 0.429081 0.627048 0.024782 0.013309
1 0.420821 0.622573 0.012391 0.011244
1 0.415314 0.617181 0.012391 0.009179
1 0.405676 0.615919 0.023405 0.025011
1 0.390015 0.619361 0.023061 0.017669
1 0.385713 0.600430 0.010326 0.007802
1 0.383820 0.593546 0.009982 0.005966
1 0.372117 0.596300 0.026503 0.023405
1 0.354735 0.601577 0.012391 0.007343
1 0.340451 0.609838 0.015489 0.028453
1 0.328060 0.601577 0.016177 0.011932
1 0.304311 0.615345 0.029257 0.026159
1 0.263524 0.604560 0.023405 0.018357
1 0.241495 0.610182 0.030289 0.023635
1 0.205527 0.616607 0.014800 0.009408
1 0.190382 0.598939 0.009982 0.009867
1 0.180401 0.598021 0.009982 0.007572
1 0.158200 0.608232 0.026159 0.028453
1 0.144088 0.624524 0.012391 0.009637
1 0.121371 0.597562 0.013768 0.016292
1 0.123264 0.526428 0.019619 0.015374
1 0.146325 0.532739 0.018931 0.025241
1 0.161126 0.524593 0.009293 0.007572
1 0.165945 0.532968 0.012047 0.006884
1 0.166289 0.539852 0.012735 0.007802
1 0.181777 0.536984 0.019619 0.035108
1 0.195373 0.549948 0.018587 0.016521
1 0.222392 0.548457 0.012735 0.012162
1 0.248551 0.534574 0.031322 0.027077
1 0.292608 0.526084 0.014112 0.009637
1 0.304139 0.525625 0.009637 0.007343
1 0.330642 0.533886 0.030289 0.026618
1 0.344237 0.540999 0.011358 0.009179
1 0.345786 0.556373 0.008949 0.010555
1 0.367470 0.539737 0.010326 0.008490
1 0.380894 0.521724 0.026159 0.018816
1 0.392597 0.527920 0.011014 0.009637
1 0.397243 0.547539 0.007916 0.008949
1 0.412560 0.534460 0.024782 0.028224
1 0.420304 0.541114 0.010670 0.009867
1 0.418928 0.533542 0.008605 0.007113
1 0.432007 0.537443 0.013424 0.020422
1 0.443710 0.544097 0.003786 0.006196
1 0.420304 0.564060 0.040959 0.034190
1 0.459887 0.549604 0.014800 0.009867
1 0.479506 0.533197 0.029257 0.025700
1 0.509623 0.525969 0.037861 0.027306
1 0.547312 0.527920 0.020307 0.018357
1 0.599974 0.563487 0.029945 0.022487
1 0.616323 0.544441 0.026847 0.016062
1 0.626133 0.548113 0.009293 0.007343
1 0.627682 0.555685 0.011014 0.009637
1 0.638007 0.553734 0.009637 0.009867
1 0.649194 0.554538 0.013424 0.012391
1 0.649194 0.562683 0.012047 0.008031
1 0.650226 0.570600 0.014112 0.007343
1 0.652291 0.561307 0.015489 0.029601
1 0.680171 0.572091 0.018242 0.015833
1 0.693079 0.453344 0.017898 0.016062
1 0.679139 0.469407 0.026503 0.016062
1 0.650226 0.472619 0.011358 0.009637
1 0.624928 0.460343 0.020652 0.023635
1 0.491208 0.456557 0.028568 0.022946
1 0.462124 0.456442 0.030978 0.024094
1 0.439063 0.465162 0.013768 0.012620
1 0.408774 0.468145 0.024782 0.020422
1 0.370740 0.471816 0.015489 0.012620
1 0.346819 0.453459 0.018587 0.016751
1 0.327200 0.445313 0.026159 0.016980
1 0.317046 0.458507 0.017554 0.008949
1 0.301557 0.454377 0.023061 0.018587
1 0.273333 0.450361 0.009293 0.009637
1 0.248895 0.457130 0.023749 0.025011
1 0.234783 0.471587 0.012047 0.006654
1 0.169731 0.485813 0.014112 0.008949
1 0.154586 0.485469 0.012047 0.005507
1 0.152693 0.478126 0.008261 0.006884
1 0.148219 0.474225 0.022028 0.016521
1 0.148735 0.477897 0.021684 0.023864
1 0.125674 0.450132 0.019619 0.016980
1 0.120511 0.376818 0.016866 0.013997
1 0.139269 0.395864 0.009637 0.006196
1 0.158889 0.397470 0.006884 0.008031
1 0.167838 0.381178 0.024782 0.021799
1 0.189006 0.379687 0.017554 0.015145
1 0.202601 0.383358 0.014456 0.027994
1 0.216885 0.390242 0.018242 0.017439
1 0.251993 0.397470 0.021684 0.014456
1 0.275226 0.380490 0.035796 0.022258
1 0.296738 0.399306 0.017554 0.016751
1 0.321176 0.396208 0.031322 0.021570
1 0.331502 0.399306 0.009293 0.009867
1 0.325479 0.397126 0.025470 0.018816
1 0.334944 0.415483 0.011358 0.009637
1 0.367643 0.416516 0.014800 0.011244
1 0.392769 0.381063 0.025815 0.021111
1 0.419788 0.397126 0.019963 0.015145
1 0.446807 0.407681 0.014112 0.005966
1 0.456445 0.396896 0.026503 0.016062
1 0.485185 0.393340 0.014456 0.008490
1 0.535093 0.394946 0.014456 0.010326
1 0.530102 0.392078 0.030633 0.015603
1 0.538879 0.409402 0.013768 0.011244
1 0.560047 0.397470 0.031322 0.016751
1 0.569513 0.400797 0.009637 0.008261
1 0.571234 0.408599 0.017898 0.008720
1 0.591885 0.409517 0.013079 0.010096
1 0.630091 0.394831 0.013079 0.009179
1 0.661241 0.391619 0.025126 0.021111
1 0.675008 0.394831 0.014800 0.009179
1 0.682064 0.410435 0.020652 0.016062
1 0.678622 0.317273 0.011014 0.008261
1 0.647645 0.319682 0.037173 0.024094
1 0.617528 0.318994 0.012735 0.010326
1 0.584485 0.305341 0.023749 0.021111
1 0.564350 0.308209 0.027536 0.022717
1 0.530102 0.306488 0.012047 0.010096
1 0.488283 0.320829 0.014456 0.009867
1 0.455928 0.320829 0.016521 0.013079
1 0.440096 0.320141 0.016521 0.007572
1 0.431146 0.324730 0.023405 0.012162
1 0.411183 0.306603 0.038550 0.021799
1 0.387090 0.317617 0.016521 0.019045
1 0.371601 0.317961 0.010326 0.008261
1 0.371773 0.306029 0.009982 0.008720
1 0.360759 0.307291 0.022373 0.023635
1 0.347335 0.300407 0.012047 0.007572
1 0.308957 0.300407 0.013079 0.010785
1 0.286413 0.311880 0.027880 0.028224
1 0.254230 0.330696 0.026159 0.030978
1 0.216025 0.330237 0.029601 0.017669
1 0.185564 0.305914 0.018242 0.019045
1 0.158716 0.304193 0.033387 0.018816
1 0.133418 0.305570 0.021340 0.015145
1 0.137893 0.239714 0.015145 0.016062
1 0.142195 0.263005 0.027191 0.017210
1 0.178680 0.257153 0.009982 0.009179
1 0.187113 0.241320 0.019963 0.023864
1 0.213443 0.248319 0.013424 0.009867
1 0.234783 0.245107 0.028568 0.017669
1 0.256984 0.257842 0.022717 0.018357
1 0.275226 0.254744 0.013079 0.009867
1 0.294501 0.245680 0.015833 0.014686
1 0.309129 0.227438 0.025815 0.018587
1 0.331502 0.230077 0.019619 0.025700
1 0.335805 0.244992 0.011014 0.007343
1 0.338902 0.251990 0.015833 0.006196
1 0.341312 0.258186 0.011014 0.007113
1 0.354391 0.246942 0.024094 0.015833
1 0.376936 0.236731 0.029257 0.027536
1 0.399136 0.253711 0.021340 0.014686
1 0.445086 0.257612 0.012047 0.009179
1 0.469696 0.257268 0.041992 0.022717
1 0.489832 0.258301 0.013424 0.005966
1 0.491381 0.262546 0.012391 0.007572
1 0.547828 0.267709 0.016521 0.016062
1 0.573299 0.252105 0.011703 0.009637
1 0.594123 0.236387 0.024438 0.022717
1 0.624928 0.231683 0.010326 0.010096
1 0.644031 0.235469 0.030633 0.028224
1 0.682064 0.232257 0.011703 0.009408
1 0.691702 0.186135 0.014456 0.010785
1 0.687227 0.174547 0.010326 0.010096
1 0.676557 0.170072 0.030978 0.020422
1 0.648850 0.165253 0.011358 0.010785
1 0.607890 0.195428 0.015489 0.012391
1 0.587583 0.192904 0.007916 0.011473
1 0.585518 0.180398 0.009293 0.009408
1 0.577085 0.176727 0.025470 0.016292
1 0.529242 0.176268 0.023405 0.019963
1 0.494134 0.157108 0.026847 0.028912
1 0.469524 0.165483 0.013424 0.011703
1 0.448528 0.184069 0.032698 0.015374
1 0.424435 0.179595 0.012047 0.007802
1 0.393457 0.177415 0.027880 0.016751
1 0.368847 0.180627 0.014456 0.010326
1 0.346303 0.164106 0.024438 0.033272
1 0.319455 0.159746 0.027191 0.023635
1 0.283487 0.176268 0.009637 0.010326
1 0.248723 0.174661 0.012391 0.014456
1 0.226006 0.175923 0.029601 0.018816
1 0.177819 0.180054 0.013768 0.008720
1 0.162503 0.179595 0.009982 0.009179
1 0.147014 0.167778 0.031322 0.025470
1 0.131181 0.161582 0.018931 0.012162
1 0.123953 0.093087 0.020996 0.014227
1 0.147358 0.119131 0.016866 0.013079
1 0.161126 0.113624 0.017554 0.014915
1 0.186080 0.127622 0.017898 0.011703
1 0.208797 0.116493 0.029601 0.022487
1 0.237881 0.110641 0.010670 0.008949
1 0.255607 0.116148 0.023405 0.022258
1 0.272989 0.123835 0.016866 0.015603
1 0.293813 0.115804 0.024094 0.022487
1 0.314292 0.117410 0.012047 0.006884
1 0.324446 0.098824 0.028224 0.016980
1 0.346991 0.109035 0.016866 0.007572
1 0.379001 0.106167 0.023061 0.024323
1 0.396211 0.107199 0.011358 0.012620
1 0.411527 0.109723 0.018587 0.013997
1 0.460403 0.092743 0.012391 0.009867
1 0.479678 0.095726 0.018587 0.017669
1 0.493618 0.098136 0.018931 0.011014
1 0.522358 0.101119 0.021340 0.028453
1 0.537675 0.102036 0.018242 0.016521
1 0.564350 0.094349 0.033043 0.017210
1 0.591713 0.105708 0.026503 0.016062
1 0.619937 0.105478 0.019619 0.014686
1 0.650915 0.104446 0.009293 0.013079
1 0.671050 0.101348 0.018587 0.016062
1 0.687744 0.106511 0.018931 0.017210
1 0.707535 0.100201 0.024782 0.016521