0 0.356700 0.150432 0.095659 0.015729
0 0.424947 0.150205 0.034407 0.012250
0 0.454817 0.148390 0.021552 0.013763
0 0.502741 0.147105 0.072784 0.016031
0 0.559834 0.147105 0.045183 0.013914
0 0.624868 0.146197 0.086018 0.019056
0 0.677329 0.146727 0.021930 0.012250
0 0.715589 0.147483 0.057615 0.020720
0 0.327775 0.209643 0.037054 0.011948
0 0.351596 0.209038 0.012477 0.011041
0 0.363506 0.208735 0.011343 0.011343
0 0.375321 0.208433 0.012288 0.010738
0 0.386759 0.209945 0.009074 0.011645
0 0.396873 0.208508 0.011154 0.014519
0 0.417669 0.207979 0.013801 0.010436
0 0.429484 0.207828 0.010209 0.010436
0 0.443947 0.207903 0.008885 0.012402
0 0.456708 0.208130 0.011721 0.011645
0 0.474573 0.207223 0.011532 0.011041
0 0.487334 0.206920 0.013990 0.011041
0 0.511438 0.205559 0.022875 0.014065
0 0.537810 0.207525 0.013990 0.013460
0 0.587058 0.206240 0.067491 0.022384
0 0.656817 0.202761 0.072028 0.015426
0 0.726392 0.204274 0.069391 0.020569
0 0.765699 0.259325 0.079190 0.013612
0 0.707010 0.260989 0.035920 0.011192
0 0.678747 0.259779 0.019472 0.009982
0 0.636116 0.260611 0.055581 0.011041
0 0.589137 0.263484 0.042914 0.017090
0 0.548964 0.263862 0.038188 0.017846
0 0.475234 0.260838 0.102465 0.013914
0 0.396117 0.262047 0.054257 0.016636
0 0.358496 0.263031 0.020985 0.014670
0 0.328910 0.262804 0.038188 0.014217
0 0.322860 0.318006 0.025333 0.012402
0 0.350556 0.316948 0.030059 0.014519
0 0.403773 0.319141 0.062008 0.012250
0 0.457086 0.320124 0.023064 0.013914
0 0.501607 0.310898 0.049342 0.023896
0 0.562387 0.314755 0.065411 0.015880
0 0.608231 0.314906 0.019472 0.011343
0 0.633942 0.313545 0.031949 0.014065
0 0.684513 0.315284 0.068436 0.011797
0 0.747877 0.315965 0.055646 0.012553
0 0.755161 0.371772 0.057737 0.011041
0 0.689239 0.371092 0.068436 0.017544
0 0.629216 0.367916 0.048586 0.020266
0 0.594525 0.372226 0.012477 0.011948
0 0.566735 0.372982 0.023442 0.014065
0 0.543198 0.372604 0.028925 0.013914
0 0.516164 0.373511 0.015313 0.010587
0 0.501040 0.374116 0.011532 0.009982
0 0.483553 0.374873 0.009831 0.013007
0 0.469468 0.374116 0.012288 0.013007
0 0.454817 0.374268 0.011721 0.009074
0 0.441962 0.373285 0.010587 0.011645
0 0.405664 0.374646 0.059362 0.017393
0 0.358969 0.375251 0.035541 0.009831
0 0.326735 0.373738 0.029303 0.013763
0 0.330706 0.429017 0.040646 0.012704
0 0.372580 0.427807 0.044616 0.014822
0 0.424096 0.428412 0.058417 0.016334
0 0.472777 0.430756 0.038566 0.011041
0 0.503970 0.429622 0.013234 0.010889
0 0.516542 0.430075 0.011532 0.009982
0 0.529492 0.429622 0.009074 0.010587
0 0.541307 0.430000 0.011154 0.008923
0 0.556148 0.430075 0.013234 0.010889
0 0.567869 0.428941 0.014368 0.009831
0 0.598401 0.428336 0.024009 0.014065
0 0.631863 0.428941 0.040646 0.018300
0 0.687821 0.426143 0.029681 0.022384
0 0.722323 0.429017 0.039322 0.016636
0 0.671563 0.480136 0.014557 0.012402
0 0.684135 0.480438 0.010587 0.011797
0 0.697085 0.480287 0.012666 0.011494
0 0.709751 0.480363 0.013423 0.011041
0 0.725442 0.480816 0.013044 0.011645
0 0.736691 0.480741 0.010209 0.011192
0 0.632713 0.480892 0.053690 0.009679
0 0.560685 0.480968 0.084694 0.010436
0 0.492816 0.481724 0.045750 0.011041
0 0.431375 0.483463 0.069570 0.015729
0 0.383640 0.484219 0.019850 0.010284
0 0.341481 0.485883 0.057660 0.013007
0 0.323616 0.536851 0.021552 0.013007
0 0.388366 0.537985 0.105679 0.012553
0 0.469090 0.539195 0.038377 0.017393
0 0.494518 0.540632 0.013612 0.017241
0 0.526751 0.537758 0.051611 0.017544
0 0.593958 0.537531 0.071461 0.015578
0 0.648877 0.539044 0.028925 0.014670
0 0.684513 0.535943 0.033651 0.017544
0 0.715045 0.536170 0.026278 0.012250
0 0.756201 0.535943 0.053010 0.011494
0 0.726293 0.593944 0.020417 0.019208
0 0.665703 0.593112 0.082615 0.014822
0 0.567869 0.594700 0.076754 0.013158
0 0.500945 0.595986 0.051044 0.011192
0 0.463891 0.595834 0.019661 0.013007
0 0.420410 0.598935 0.062008 0.013460
0 0.359536 0.597044 0.046506 0.010284
0 0.331084 0.652474 0.039511 0.012250
0 0.370501 0.653381 0.025333 0.011948
0 0.399047 0.654138 0.020796 0.013460
0 0.422300 0.652247 0.015502 0.014519
0 0.456424 0.655196 0.044805 0.014670
0 0.502174 0.652323 0.043292 0.016485
0 0.551327 0.652247 0.017960 0.012402
0 0.572595 0.650810 0.018527 0.014973
0 0.618251 0.651491 0.072784 0.011797
0 0.664852 0.650281 0.018905 0.014217
0 0.686309 0.649222 0.022119 0.014822
0 0.716179 0.652247 0.017960 0.021174
0 0.708711 0.710928 0.023064 0.011192
0 0.659936 0.709945 0.071839 0.014670
0 0.615226 0.711080 0.018338 0.010889
0 0.589421 0.711609 0.031760 0.011041
0 0.560212 0.711987 0.022497 0.010587
0 0.487334 0.710853 0.118724 0.013158
0 0.395077 0.710853 0.063899 0.013763
0 0.336755 0.711231 0.047830 0.013309
0 0.323238 0.760233 0.020039 0.017544
0 0.359441 0.765450 0.048586 0.013460
0 0.392809 0.763635 0.017393 0.013763
0 0.522875 0.763635 0.121748 0.012250
0 0.617211 0.764014 0.052934 0.013612
0 0.663812 0.762652 0.040268 0.017544
0 0.704552 0.764316 0.026467 0.009679
0 0.755891 0.767114 0.073942 0.015578
0 0.705592 0.821939 0.040268 0.010284
0 0.648310 0.820653 0.069381 0.010436
0 0.593863 0.820880 0.041402 0.011797
0 0.544049 0.819670 0.056337 0.015426
0 0.493667 0.820577 0.036865 0.013309
0 0.457180 0.821485 0.036487 0.010587
0 0.422395 0.824207 0.030815 0.017544
0 0.391107 0.819821 0.027223 0.014822
0 0.357173 0.819367 0.024009 0.012099
0 0.323333 0.818082 0.015691 0.016485
0 0.761123 0.821492 0.023778 0.013241
0 0.785018 0.821678 0.018417 0.012868
0 0.832691 0.822144 0.071335 0.015293
0 0.933866 0.819067 0.022846 0.017717
0 0.951817 0.823916 0.014454 0.016225
0 0.971282 0.823916 0.024478 0.015852
0 0.992110 0.828858 0.015779 0.015666
0 0.993626 0.766568 0.012749 0.018650
0 0.953682 0.767034 0.058280 0.024058
0 0.945406 0.710805 0.045459 0.019023
0 0.984534 0.711365 0.030932 0.020142
0 0.944357 0.647862 0.036367 0.015479
0 0.964988 0.652805 0.009092 0.011936
0 0.972914 0.652618 0.011423 0.011563
0 0.978859 0.653457 0.008392 0.011003
0 0.985969 0.652898 0.006761 0.009884
0 0.994675 0.652991 0.010651 0.008952
0 0.775460 0.144319 0.057115 0.013614
0 0.811943 0.143853 0.020515 0.010817
0 0.845746 0.143386 0.050354 0.010257
0 0.932234 0.132383 0.013521 0.012122
0 0.947387 0.130145 0.016785 0.016598
0 0.960326 0.128840 0.009092 0.013987
0 0.967786 0.126135 0.005828 0.019023
0 0.988613 0.118396 0.022773 0.018463
0 0.933050 0.191037 0.007693 0.009325
0 0.953099 0.188985 0.040330 0.017904
0 0.980491 0.181432 0.015386 0.014733
0 0.930603 0.251089 0.012122 0.011936
0 0.949952 0.247452 0.020515 0.009138
0 0.974779 0.248758 0.035668 0.018090
0 0.928854 0.307225 0.015153 0.014547
0 0.944240 0.304707 0.014220 0.015852
0 0.967203 0.301630 0.025643 0.015666
0 0.989582 0.301257 0.019116 0.016039
0 0.935964 0.362241 0.030306 0.013801
0 0.967786 0.362335 0.033336 0.013614
0 0.992227 0.361122 0.015546 0.011190
0 0.937596 0.421454 0.022380 0.015106
0 0.959277 0.418564 0.014920 0.016785
0 0.983135 0.419123 0.033730 0.020515
0 0.976841 0.472368 0.046318 0.011749
0 0.939811 0.475072 0.037533 0.013801
0 0.936780 0.533446 0.026343 0.013428
0 0.960792 0.532700 0.028674 0.013428
0 0.980491 0.532607 0.010724 0.011749
0 0.993159 0.531674 0.013681 0.016225
0 0.944007 0.592379 0.035201 0.016412
0 0.968718 0.595270 0.013288 0.016598
0 0.989582 0.593032 0.011190 0.016225
0 0.819054 0.762279 0.049655 0.014920
0 0.745504 0.712297 0.032637 0.010444
0 0.774644 0.709780 0.019582 0.015852
0 0.800987 0.710899 0.018650 0.011376
0 0.830010 0.710432 0.028674 0.013428
0 0.747952 0.651033 0.032404 0.012495
0 0.766601 0.646091 0.014687 0.017904
0 0.779190 0.646837 0.015619 0.021261
0 0.803435 0.650100 0.031471 0.017717
0 0.839918 0.649168 0.020981 0.012868
0 0.774527 0.592659 0.041263 0.030772
0 0.804600 0.592379 0.021680 0.014174
0 0.850875 0.593312 0.064808 0.012309
0 0.803085 0.535871 0.045226 0.012309
0 0.839685 0.536150 0.028441 0.012122
0 0.867310 0.535125 0.025877 0.015293
0 0.762522 0.478429 0.024245 0.014920
0 0.784319 0.478056 0.018883 0.017904
0 0.808330 0.477683 0.013754 0.016412
0 0.842949 0.475818 0.041496 0.033570
0 0.751099 0.426956 0.018184 0.013801
0 0.803551 0.425744 0.087188 0.016225
0 0.861365 0.425371 0.023778 0.015106
0 0.794110 0.371193 0.022147 0.014174
0 0.841900 0.370820 0.070170 0.017158
0 0.823133 0.313845 0.100709 0.019582
0 0.810894 0.258828 0.011423 0.011749
0 0.822551 0.258828 0.011889 0.011749
0 0.835256 0.258176 0.013521 0.010444
0 0.850525 0.257989 0.017018 0.010071
0 0.770681 0.202226 0.018184 0.011190
0 0.812060 0.201760 0.065507 0.013987
2 0.857519 0.103383 0.049189 0.004849
2 0.795975 0.103569 0.067838 0.005222
2 0.511273 0.109167 0.419040 0.013060
2 0.582941 0.126016 0.580161 0.012443
2 0.586090 0.168949 0.567803 0.014012
2 0.586517 0.185535 0.581402 0.011376
2 0.585323 0.198748 0.561410 0.006902
2 0.588820 0.222629 0.581925 0.008431
2 0.586223 0.241204 0.574995 0.006714
2 0.583056 0.251818 0.564546 0.007800
2 0.585052 0.274121 0.572674 0.010630
2 0.596276 0.294450 0.577735 0.008765
2 0.586317 0.307971 0.575273 0.011563
2 0.593126 0.331842 0.584036 0.010071
2 0.591823 0.351798 0.580114 0.008952
2 0.583684 0.362148 0.563756 0.007646
2 0.599797 0.386766 0.584681 0.008392
2 0.587983 0.406348 0.564016 0.007646
2 0.585252 0.416326 0.543368 0.006714
2 0.587103 0.442808 0.579764 0.010444
2 0.590198 0.461178 0.582431 0.009138
2 0.596379 0.470037 0.576598 0.008579
2 0.583534 0.497732 0.573380 0.008019
2 0.590421 0.506964 0.577790 0.008579
2 0.592082 0.517970 0.598712 0.008957
2 0.598167 0.528406 0.593535 0.009689
2 0.600319 0.554334 0.587367 0.009698
2 0.592888 0.566162 0.592438 0.003200
2 0.597320 0.574495 0.571917 0.003692
2 0.585027 0.583801 0.580652 0.007087
2 0.586769 0.611108 0.596283 0.003200
2 0.585867 0.621447 0.586431 0.004155
2 0.591583 0.630164 0.577330 0.005820
2 0.591640 0.640123 0.582345 0.007087
2 0.586609 0.672667 0.592873 0.008019
2 0.583707 0.684966 0.582359 0.005055
2 0.605454 0.693014 0.579894 0.003505
2 0.580939 0.700732 0.576704 0.006719
2 0.587330 0.724699 0.566253 0.007646
2 0.600487 0.744607 0.571645 0.004758
2 0.585242 0.753401 0.577890 0.005447
2 0.580841 0.782767 0.568042 0.008527
2 0.596912 0.800843 0.589518 0.006796
2 0.585832 0.812810 0.564121 0.005614
2 0.499238 0.138828 0.393614 0.007610
1 0.310401 0.121962 0.010798 0.008844
1 0.319914 0.125253 0.010798 0.012135
1 0.334311 0.119905 0.009770 0.015014
1 0.349608 0.116512 0.011569 0.015631
1 0.361178 0.120625 0.009513 0.015220
1 0.378403 0.116512 0.017740 0.014397
1 0.391772 0.111061 0.011055 0.015837
1 0.413497 0.120831 0.010798 0.013575
1 0.430465 0.120625 0.009255 0.014809
1 0.453604 0.118671 0.007199 0.015426
1 0.473657 0.119494 0.017483 0.019951
1 0.498338 0.126487 0.008741 0.013369
1 0.522763 0.121654 0.008227 0.013986
1 0.544230 0.128750 0.015169 0.010078
1 0.562355 0.130189 0.012855 0.012135
1 0.583823 0.118260 0.013112 0.035171
1 0.593207 0.135743 0.009770 0.005965
1 0.309116 0.139753 0.011312 0.006170
1 0.612746 0.129984 0.010798 0.014192
1 0.631128 0.119391 0.011055 0.013163
1 0.652467 0.120934 0.010541 0.014192
1 0.679516 0.121139 0.018057 0.019128
1 0.679077 0.189527 0.008227 0.013163
1 0.654010 0.185311 0.012084 0.014603
1 0.626629 0.182328 0.011826 0.015220
1 0.596035 0.185825 0.011826 0.014397
1 0.568140 0.183665 0.016711 0.017071
1 0.488055 0.185516 0.012341 0.011312
1 0.474300 0.184385 0.010027 0.013163
1 0.461702 0.179346 0.011055 0.014192
1 0.447305 0.174615 0.009513 0.012546
1 0.432265 0.180169 0.010798 0.014603
1 0.418767 0.180169 0.009513 0.014192
1 0.394857 0.194155 0.014654 0.008433
1 0.378532 0.195492 0.010284 0.006993
1 0.366063 0.192612 0.011055 0.015631
1 0.356164 0.190247 0.008741 0.016660
1 0.337525 0.193846 0.008998 0.014397
1 0.321842 0.185311 0.015683 0.012546
1 0.310016 0.182328 0.010027 0.010695
1 0.309759 0.234982 0.010541 0.012752
1 0.320942 0.234467 0.016454 0.015837
1 0.340096 0.236935 0.010541 0.012135
1 0.354622 0.233439 0.019539 0.013780
1 0.378275 0.229017 0.013369 0.013163
1 0.391644 0.232616 0.009255 0.013369
1 0.412725 0.237552 0.009770 0.014603
1 0.437921 0.238272 0.013883 0.016043
1 0.458874 0.242592 0.012598 0.016454
1 0.477771 0.230662 0.019025 0.014397
1 0.506437 0.246499 0.010541 0.011107
1 0.536903 0.246088 0.007713 0.014809
1 0.529833 0.232308 0.017740 0.041547
1 0.552714 0.233953 0.012084 0.017277
1 0.577138 0.238787 0.012084 0.018305
1 0.596035 0.235599 0.021082 0.014809
1 0.617245 0.245780 0.014140 0.016660
1 0.636656 0.245574 0.017997 0.008021
1 0.654653 0.243517 0.014397 0.014192
1 0.673935 0.250716 0.018511 0.018305
1 0.687175 0.284447 0.008998 0.016248
1 0.666093 0.288869 0.014654 0.013986
1 0.649254 0.279819 0.012341 0.013575
1 0.628686 0.284755 0.012855 0.016865
1 0.603876 0.290103 0.013112 0.016454
1 0.578295 0.286298 0.011826 0.016660
1 0.557342 0.285372 0.019796 0.016043
1 0.541916 0.290000 0.012598 0.011724
1 0.515692 0.301107 0.011569 0.015014
1 0.495382 0.302032 0.006942 0.008227
1 0.332254 0.299667 0.012341 0.017894
1 0.320042 0.290411 0.012598 0.012958
1 0.309244 0.290206 0.008998 0.012546
1 0.310787 0.307380 0.011055 0.006582
1 0.310658 0.344916 0.011826 0.012135
1 0.311687 0.361987 0.011826 0.008021
1 0.325699 0.357051 0.012598 0.012546
1 0.346009 0.343065 0.020825 0.015837
1 0.361821 0.346355 0.015940 0.011312
1 0.384188 0.359416 0.017483 0.010284
1 0.401413 0.358696 0.010798 0.005553
1 0.417482 0.358388 0.015683 0.008638
1 0.442420 0.342859 0.008484 0.013780
1 0.455918 0.338540 0.010284 0.014192
1 0.469801 0.340802 0.008741 0.014192
1 0.484327 0.346355 0.011055 0.014192
1 0.505023 0.348412 0.013369 0.010490
1 0.624701 0.355302 0.013626 0.015220
1 0.638713 0.356228 0.015940 0.009255
1 0.659152 0.354068 0.016197 0.012341
1 0.676377 0.344196 0.019282 0.014809
1 0.575981 0.396952 0.011312 0.016248
1 0.685247 0.410732 0.011826 0.008844
1 0.560041 0.392736 0.019539 0.016865
1 0.544487 0.401580 0.009513 0.013575
1 0.533175 0.396129 0.010541 0.015014
1 0.520706 0.392838 0.011312 0.015426
1 0.502580 0.392633 0.009513 0.017071
1 0.480342 0.412172 0.011312 0.015014
1 0.460802 0.413612 0.012341 0.016660
1 0.437407 0.400346 0.014397 0.011107
1 0.409897 0.406927 0.013369 0.016043
1 0.383802 0.397877 0.010027 0.016454
1 0.363363 0.402299 0.009255 0.015426
1 0.343310 0.402402 0.013369 0.013986
1 0.326598 0.398597 0.022110 0.017483
1 0.313872 0.399009 0.013112 0.012135
1 0.313872 0.417005 0.012598 0.009461
1 0.313872 0.455056 0.012598 0.013575
1 0.323899 0.454747 0.011569 0.012958
1 0.338425 0.453616 0.010798 0.015220
1 0.355779 0.454953 0.010027 0.015837
1 0.370305 0.458963 0.010798 0.043603
1 0.383802 0.453616 0.010027 0.015631
1 0.405655 0.463797 0.012084 0.013369
1 0.427380 0.454439 0.009770 0.021390
1 0.442934 0.462563 0.012598 0.016248
1 0.458874 0.458758 0.011569 0.017277
1 0.477257 0.464517 0.013883 0.012341
1 0.501424 0.463488 0.011826 0.011107
1 0.528033 0.471921 0.017740 0.005348
1 0.546801 0.464311 0.010027 0.013575
1 0.563641 0.450634 0.018511 0.013369
1 0.584851 0.453204 0.013626 0.010695
1 0.614931 0.467396 0.016197 0.004525
1 0.637684 0.466162 0.012341 0.007816
1 0.670978 0.452279 0.010541 0.013369
1 0.687304 0.452176 0.011312 0.017277
1 0.677020 0.515319 0.013883 0.014809
1 0.647583 0.505138 0.015683 0.017894
1 0.631000 0.507400 0.015426 0.047511
1 0.613646 0.506063 0.009513 0.015220
1 0.587165 0.501538 0.021339 0.019745
1 0.569168 0.501641 0.012084 0.014192
1 0.541402 0.504932 0.013112 0.009255
1 0.525205 0.503801 0.008484 0.008638
1 0.509522 0.498350 0.012084 0.015426
1 0.497181 0.492900 0.008998 0.007404
1 0.496153 0.501641 0.009513 0.011312
1 0.466587 0.503492 0.013626 0.016660
1 0.424680 0.504829 0.012084 0.018100
1 0.399614 0.503904 0.024167 0.015837
1 0.381488 0.514290 0.014140 0.016043
1 0.362977 0.508737 0.013112 0.017688
1 0.347166 0.512439 0.015426 0.015220
1 0.322356 0.520769 0.015169 0.012546
1 0.313872 0.510485 0.014140 0.010901
1 0.311687 0.567252 0.011312 0.008021
1 0.339839 0.589568 0.012598 0.007404
1 0.352437 0.581341 0.006942 0.009050
1 0.357707 0.576405 0.009770 0.007404
1 0.366320 0.572600 0.012084 0.017071
1 0.378789 0.581135 0.009770 0.016043
1 0.400513 0.580724 0.010027 0.013575
1 0.427508 0.570954 0.007970 0.012958
1 0.460802 0.570440 0.019025 0.011518
1 0.487540 0.575171 0.019539 0.016865
1 0.508365 0.578050 0.015940 0.009461
1 0.541402 0.583089 0.012084 0.014603
1 0.559656 0.577845 0.010027 0.014809
1 0.577781 0.569617 0.009255 0.016043
1 0.594492 0.570132 0.015426 0.015014
1 0.604262 0.569720 0.008741 0.006787
1 0.609147 0.574554 0.009770 0.008227
1 0.610047 0.578462 0.006427 0.008638
1 0.618017 0.578976 0.009513 0.017071
1 0.687432 0.624533 0.023910 0.024681
1 0.660694 0.618877 0.016711 0.015837
1 0.625087 0.619288 0.024167 0.012546
1 0.593207 0.624327 0.012341 0.014397
1 0.567754 0.633891 0.017997 0.013780
1 0.546544 0.627515 0.012598 0.010078
1 0.533046 0.630086 0.008227 0.016043
1 0.526233 0.629367 0.007970 0.008021
1 0.523148 0.623710 0.006942 0.005759
1 0.513507 0.620317 0.020568 0.018305
1 0.488826 0.620934 0.020568 0.015426
1 0.471472 0.621962 0.011055 0.015014
1 0.465044 0.618569 0.013112 0.014397
1 0.451418 0.619803 0.010541 0.015631
1 0.443963 0.618980 0.005913 0.009050
1 0.440106 0.622888 0.005399 0.008638
1 0.423781 0.626796 0.011826 0.014397
1 0.402699 0.629675 0.015426 0.012341
1 0.388301 0.632040 0.010284 0.017071
1 0.382902 0.633172 0.008227 0.007816
1 0.379174 0.629058 0.006942 0.006170
1 0.373775 0.628441 0.010027 0.013575
1 0.367348 0.629572 0.007456 0.010078
1 0.358221 0.635434 0.011826 0.008638
1 0.349223 0.625767 0.016454 0.015220
1 0.337396 0.620831 0.009255 0.022213
1 0.324799 0.631938 0.015940 0.018511
1 0.312844 0.684179 0.010541 0.008638
1 0.313872 0.623093 0.012084 0.004936
1 0.327627 0.679449 0.015940 0.014809
1 0.348323 0.682637 0.010027 0.014192
1 0.377503 0.683768 0.016454 0.015631
1 0.398714 0.689218 0.007456 0.015014
1 0.422752 0.687367 0.012855 0.016248
1 0.444734 0.686133 0.006942 0.012135
1 0.461959 0.685516 0.006942 0.018717
1 0.475585 0.685825 0.012598 0.014397
1 0.493711 0.687162 0.014912 0.012546
1 0.508751 0.681300 0.020311 0.012752
1 0.528162 0.687265 0.024167 0.014397
1 0.555671 0.690658 0.019025 0.009667
1 0.571097 0.687573 0.019025 0.016248
1 0.588450 0.690144 0.012598 0.009461
1 0.611975 0.699297 0.010798 0.015426
1 0.632414 0.695594 0.017740 0.010901
1 0.650796 0.697034 0.009770 0.015837
1 0.666865 0.698063 0.011569 0.017894
1 0.680619 0.696314 0.009770 0.015220
1 0.688461 0.743414 0.012598 0.016043
1 0.684347 0.745163 0.008484 0.005965
1 0.679077 0.741049 0.007713 0.008021
1 0.672778 0.738992 0.020311 0.014192
1 0.649511 0.733747 0.019539 0.014809
1 0.627658 0.735084 0.013369 0.016248
1 0.607861 0.728606 0.023139 0.012341
1 0.551300 0.730868 0.016968 0.014809
1 0.529061 0.735804 0.021853 0.016865
1 0.512222 0.749996 0.012855 0.011929
1 0.491654 0.749790 0.011312 0.009050
1 0.466201 0.741666 0.016968 0.019539
1 0.448076 0.735804 0.010027 0.011929
1 0.378660 0.734879 0.010027 0.015426
1 0.369019 0.730971 0.012341 0.013780
1 0.356679 0.730868 0.011826 0.015220
1 0.348194 0.731176 0.006684 0.006376
1 0.341896 0.735701 0.009513 0.009667
1 0.328398 0.738889 0.009255 0.014397
1 0.313101 0.735290 0.014140 0.011724
1 0.315029 0.791028 0.012855 0.009667
1 0.313229 0.808922 0.007199 0.008844
1 0.326598 0.792777 0.015940 0.016865
1 0.336754 0.794114 0.008484 0.006787
1 0.341253 0.800387 0.008227 0.008227
1 0.353465 0.803883 0.017740 0.012752
1 0.366063 0.794833 0.007970 0.013986
1 0.370947 0.795862 0.005913 0.006582
1 0.374290 0.800490 0.006942 0.004319
1 0.379817 0.801312 0.006170 0.015426
1 0.391387 0.799975 0.011312 0.013163
1 0.416968 0.806454 0.008998 0.014192
1 0.427251 0.806248 0.011569 0.013369
1 0.439335 0.793702 0.009513 0.009255
1 0.445505 0.790823 0.009513 0.005965
1 0.451804 0.787635 0.010284 0.015220
1 0.461959 0.791028 0.009513 0.013369
1 0.447048 0.753698 0.008484 0.006170
1 0.484841 0.791645 0.011569 0.012958
1 0.500524 0.792262 0.010541 0.015426
1 0.525076 0.790720 0.019025 0.015631
1 0.549758 0.792262 0.022110 0.016660
1 0.557470 0.800592 0.012855 0.007816
1 0.582537 0.805323 0.011569 0.013575
1 0.622259 0.805734 0.011312 0.016043
1 0.640770 0.789794 0.015940 0.011724
1 0.664165 0.794525 0.015426 0.012546
1 0.687047 0.793908 0.011826 0.005142
0 0.337782 0.567664 0.024424 0.011724
1 0.708238 0.118985 0.011600 0.013358
1 0.726517 0.108088 0.014061 0.010405
1 0.740050 0.113994 0.008788 0.011249
1 0.756923 0.108299 0.010897 0.013076
1 0.779420 0.113009 0.009491 0.015467
1 0.809914 0.118282 0.007909 0.014764
1 0.825996 0.107315 0.017927 0.014483
1 0.842694 0.111884 0.007733 0.016029
1 0.857194 0.116314 0.010370 0.015326
1 0.939098 0.101550 0.010018 0.016732
1 0.945689 0.111533 0.007382 0.013920
1 0.962561 0.099652 0.022146 0.016310
1 0.985674 0.090793 0.011073 0.029246
1 0.996660 0.082919 0.006681 0.015748
1 0.932594 0.148724 0.007558 0.014342
1 0.938307 0.165456 0.009491 0.017717
1 0.949116 0.152239 0.008261 0.017998
1 0.961858 0.145068 0.013358 0.018560
1 0.991650 0.212559 0.015291 0.022778
1 0.978204 0.206302 0.013006 0.014764
1 0.963528 0.207076 0.009667 0.005062
1 0.949995 0.222402 0.009315 0.017435
1 0.946216 0.223386 0.008436 0.018560
1 0.940416 0.225987 0.008436 0.019826
1 0.932507 0.229643 0.007382 0.012233
1 0.927497 0.214739 0.004746 0.012233
1 0.928200 0.267396 0.010018 0.008999
1 0.934352 0.280543 0.007909 0.011108
1 0.943843 0.281105 0.013182 0.017295
1 0.950434 0.263248 0.011952 0.014201
1 0.955619 0.271122 0.007909 0.010264
1 0.963001 0.269435 0.011776 0.013358
1 0.969855 0.282230 0.005800 0.015045
1 0.973195 0.276817 0.004394 0.013217
1 0.976622 0.272950 0.007030 0.005202
1 0.978468 0.272599 0.008261 0.015748
1 0.984443 0.276958 0.004746 0.005906
1 0.987959 0.275973 0.005449 0.015186
1 0.994463 0.274427 0.011075 0.011249
1 0.931101 0.345996 0.007030 0.013498
1 0.939888 0.346066 0.005624 0.015045
1 0.957904 0.344238 0.006503 0.014201
1 0.976446 0.342832 0.005273 0.013358
1 0.992177 0.343043 0.006503 0.014904
1 0.993847 0.388600 0.007030 0.015467
1 0.984795 0.384944 0.009315 0.013217
1 0.973283 0.385225 0.010897 0.014061
1 0.960628 0.394154 0.009139 0.013639
1 0.954213 0.390357 0.004746 0.015889
1 0.945776 0.396263 0.005800 0.014201
1 0.936549 0.398794 0.004570 0.015607
1 0.932155 0.409480 0.005273 0.015045
1 0.929782 0.457779 0.006855 0.012655
1 0.940592 0.447374 0.008788 0.013498
1 0.953949 0.445054 0.007733 0.015045
1 0.969855 0.457287 0.008964 0.015326
1 0.979434 0.458341 0.008436 0.006187
1 0.993583 0.459747 0.009667 0.007593
1 0.996484 0.509241 0.007032 0.014623
1 0.985586 0.508186 0.007733 0.012795
1 0.960980 0.507413 0.010546 0.015748
1 0.943052 0.508468 0.018279 0.018982
1 0.924949 0.502211 0.005624 0.008436
1 0.935758 0.563937 0.006503 0.018841
1 0.931101 0.566398 0.005624 0.018701
1 0.941822 0.571249 0.005273 0.011811
1 0.947358 0.567523 0.008261 0.014201
1 0.955707 0.576030 0.005624 0.012936
1 0.927497 0.609494 0.008612 0.010124
1 0.928991 0.629179 0.005273 0.005624
1 0.962034 0.635858 0.005624 0.012514
1 0.969768 0.635717 0.005273 0.014483
1 0.976798 0.637194 0.004570 0.014061
1 0.983740 0.642045 0.006855 0.013920
1 0.991562 0.646263 0.006327 0.009139
1 0.996835 0.646966 0.006329 0.014764
1 0.928025 0.674314 0.009667 0.007874
1 0.932155 0.690132 0.008788 0.014483
1 0.946919 0.679306 0.011952 0.012514
1 0.958343 0.687601 0.009139 0.013920
1 0.976007 0.678392 0.006503 0.013498
1 0.965374 0.678181 0.005976 0.042042
1 0.994726 0.680993 0.010547 0.014201
1 0.926003 0.732596 0.008085 0.013639
1 0.935231 0.746586 0.007909 0.005624
1 0.948676 0.746375 0.008085 0.012514
1 0.960101 0.737939 0.011249 0.013076
1 0.975743 0.739767 0.010897 0.012514
1 0.994989 0.741243 0.005097 0.011811
1 0.994374 0.801494 0.008085 0.007452
1 0.981983 0.798963 0.010721 0.011952
1 0.968186 0.792143 0.006679 0.014061
1 0.954740 0.786027 0.008964 0.016451
1 0.941558 0.794323 0.006855 0.012514
1 0.927761 0.801564 0.008788 0.012655
1 0.846560 0.791581 0.017576 0.014904
1 0.808772 0.795940 0.010897 0.012936
1 0.786099 0.806204 0.018982 0.013217
1 0.767117 0.787503 0.013358 0.014061
1 0.759208 0.787784 0.009491 0.005062
1 0.755078 0.791932 0.008612 0.006327
1 0.734602 0.790667 0.023200 0.011108
1 0.721244 0.798470 0.007030 0.005343
1 0.717641 0.792424 0.004746 0.005906
1 0.715532 0.788065 0.006152 0.006468
1 0.709907 0.787784 0.009667 0.015467
1 0.700065 0.786941 0.008261 0.012936
1 0.694353 0.790667 0.006679 0.007452
1 0.703756 0.741314 0.011073 0.009139
1 0.734074 0.738923 0.012655 0.013639
1 0.762547 0.736392 0.011249 0.008296
1 0.797875 0.746305 0.008436 0.014061
1 0.811496 0.734424 0.007909 0.007171
1 0.816505 0.730768 0.007733 0.006609
1 0.821866 0.728870 0.010018 0.016029
1 0.833115 0.735970 0.012127 0.011108
1 0.846912 0.733158 0.019685 0.017295
1 0.833818 0.692593 0.011073 0.006749
1 0.814221 0.690765 0.009491 0.011811
1 0.807805 0.691820 0.004042 0.008296
1 0.805345 0.686898 0.006152 0.006327
1 0.799017 0.686688 0.009315 0.012655
1 0.781881 0.679165 0.015115 0.010827
1 0.769050 0.684789 0.011952 0.011389
1 0.738996 0.696882 0.007733 0.013920
1 0.726253 0.696741 0.006855 0.005202
1 0.722386 0.692312 0.006855 0.007030
1 0.713247 0.686969 0.013533 0.015748
1 0.704810 0.688797 0.009667 0.006468
1 0.699801 0.691679 0.006679 0.005484
1 0.704810 0.622219 0.012830 0.013076
1 0.716147 0.628265 0.008788 0.006609
1 0.721244 0.625172 0.008788 0.004921
1 0.728186 0.623485 0.008612 0.012795
1 0.733108 0.622922 0.004042 0.005765
1 0.744093 0.628335 0.010897 0.012655
1 0.735217 0.628828 0.008612 0.005765
1 0.755078 0.624961 0.011073 0.006749
1 0.786011 0.630163 0.010370 0.012655
1 0.804202 0.631921 0.017224 0.010827
1 0.815890 0.616314 0.018806 0.011670
1 0.845154 0.621024 0.014061 0.012936
1 0.878461 0.562109 0.009667 0.012936
1 0.869145 0.558102 0.012479 0.017013
1 0.857369 0.565976 0.009315 0.011952
1 0.847439 0.561969 0.010546 0.010967
1 0.835224 0.557047 0.009667 0.014904
1 0.821778 0.556274 0.011600 0.014201
1 0.805433 0.577365 0.008788 0.013076
1 0.777048 0.565695 0.017752 0.012233
1 0.707886 0.504249 0.009139 0.011952
1 0.736887 0.499117 0.015115 0.012655
1 0.761669 0.505374 0.024255 0.016170
1 0.792778 0.516482 0.009843 0.012514
1 0.808245 0.521755 0.014412 0.007312
1 0.830566 0.507905 0.020388 0.019263
1 0.859127 0.514162 0.012127 0.014623
1 0.740841 0.457497 0.009667 0.010124
1 0.727044 0.455248 0.011600 0.013498
1 0.714917 0.450467 0.009139 0.014342
1 0.701383 0.444913 0.006679 0.011670
1 0.700241 0.409339 0.011073 0.012233
1 0.715180 0.397177 0.023728 0.016873
1 0.740577 0.396122 0.011249 0.014483
1 0.757802 0.395700 0.007030 0.014764
1 0.777751 0.398442 0.015994 0.014061
1 0.794272 0.394505 0.010370 0.016029
1 0.819933 0.389584 0.007909 0.015186
1 0.851569 0.398021 0.012479 0.012092
1 0.847703 0.337630 0.008612 0.014764
1 0.822130 0.334396 0.011600 0.016732
1 0.796645 0.339458 0.018279 0.012795
1 0.783990 0.347332 0.008085 0.039792
1 0.768611 0.350847 0.014588 0.011952
1 0.754023 0.353518 0.014237 0.013076
1 0.735920 0.353378 0.010721 0.013358
1 0.713774 0.342481 0.013182 0.010967
1 0.698659 0.341285 0.013885 0.015889
1 0.706129 0.284691 0.009491 0.016310
1 0.716059 0.289261 0.011073 0.042323
1 0.727220 0.293409 0.009139 0.013217
1 0.745411 0.283847 0.012830 0.015748
1 0.766766 0.291651 0.009491 0.012233
1 0.782935 0.288206 0.010546 0.014342
1 0.798402 0.297135 0.011600 0.013358
1 0.814748 0.300790 0.009139 0.012233
1 0.825821 0.293198 0.011952 0.008858
1 0.846648 0.301494 0.013533 0.005202
1 0.852009 0.238572 0.009843 0.016029
1 0.840145 0.229503 0.011776 0.013920
1 0.826787 0.233088 0.009315 0.014904
1 0.811496 0.233932 0.007909 0.012655
1 0.784429 0.249328 0.011073 0.004078
1 0.763602 0.248625 0.011249 0.005765
1 0.731965 0.247289 0.008436 0.012936
1 0.700680 0.245461 0.015818 0.012655
1 0.712456 0.188937 0.010897 0.012655
1 0.724935 0.192171 0.008788 0.012936
1 0.748135 0.193577 0.012655 0.006749
1 0.764041 0.176142 0.011424 0.043307
1 0.775554 0.188375 0.010546 0.013498
1 0.796117 0.192242 0.016873 0.006609
1 0.824327 0.186195 0.012127 0.012514