2 0.629949 0.107233 0.581049 0.004983
2 0.617663 0.123844 0.571013 0.006645
2 0.642580 0.132704 0.570321 0.006645
2 0.564542 0.159420 0.728475 0.007475
2 0.291840 0.168418 0.189992 0.004430
2 0.556063 0.176724 0.711517 0.007198
2 0.563677 0.187244 0.733666 0.004983
2 0.455011 0.209808 0.234635 0.005260
2 0.752111 0.210638 0.350568 0.007475
2 0.639120 0.227250 0.593854 0.006921
2 0.637389 0.236524 0.566168 0.004430
2 0.630987 0.260472 0.576204 0.008583
2 0.631852 0.281375 0.580011 0.007198
2 0.641715 0.289265 0.575512 0.004153
2 0.636697 0.318750 0.582780 0.007198
2 0.628738 0.335085 0.587625 0.010520
2 0.641369 0.342975 0.579665 0.005814
2 0.633063 0.369830 0.605274 0.008583
2 0.266577 0.365262 0.132544 0.003876
2 0.291840 0.378274 0.179610 0.006091
2 0.274363 0.389348 0.153654 0.007752
2 0.280592 0.398900 0.156423 0.005260
2 0.643099 0.388795 0.585894 0.004983
2 0.640158 0.396131 0.578627 0.009690
2 0.632717 0.426032 0.583126 0.010244
2 0.636005 0.443612 0.598699 0.005537
2 0.638600 0.454132 0.572744 0.006091
2 0.634102 0.483894 0.574820 0.011351
2 0.629257 0.501613 0.587971 0.010244
2 0.641542 0.513379 0.575858 0.008859
2 0.637965 0.544916 0.595243 0.005390
2 0.641908 0.555623 0.575877 0.005692
2 0.633810 0.565849 0.620355 0.006122
2 0.642502 0.599444 0.597632 0.003200
2 0.643674 0.610024 0.582494 0.005487
2 0.648801 0.618261 0.597890 0.007283
2 0.640573 0.649194 0.586577 0.009092
2 0.643942 0.659704 0.576346 0.007489
2 0.430841 0.668609 0.174311 0.005553
2 0.762225 0.670227 0.353225 0.006733
2 0.464906 0.705117 0.233700 0.005348
2 0.763019 0.705782 0.332702 0.004017
2 0.759938 0.717987 0.340423 0.007229
2 0.465678 0.715915 0.221360 0.003497
2 0.634664 0.725164 0.587099 0.009655
2 0.435212 0.752731 0.182024 0.006787
2 0.745846 0.754397 0.350804 0.006418
2 0.632509 0.773755 0.601300 0.007604
2 0.634108 0.782657 0.559248 0.008227
0 0.992173 0.140415 0.014179 0.011948
0 0.992456 0.192366 0.009453 0.010284
0 0.993171 0.248438 0.013658 0.018807
0 0.993771 0.300351 0.012459 0.014519
0 0.992929 0.356461 0.011910 0.012402
0 0.992447 0.409471 0.015106 0.015578
0 0.995472 0.463161 0.009056 0.011948
0 0.994432 0.575911 0.011135 0.010889
0 0.883469 0.794907 0.022119 0.010284
0 0.844619 0.793470 0.051422 0.013460
0 0.778546 0.794377 0.078456 0.010133
0 0.692812 0.792184 0.081292 0.016636
0 0.620217 0.792865 0.055203 0.024652
0 0.578247 0.788403 0.015880 0.017544
0 0.552726 0.778270 0.013612 0.010284
0 0.523515 0.790752 0.025916 0.016183
0 0.559721 0.734032 0.062765 0.014368
0 0.617475 0.736604 0.045183 0.011645
0 0.674001 0.736604 0.067869 0.011041
0 0.734119 0.736150 0.030059 0.014065
0 0.820232 0.736604 0.121370 0.014973
0 0.859460 0.680191 0.099251 0.015578
0 0.792536 0.683518 0.034218 0.015578
0 0.756049 0.678452 0.034974 0.013914
0 0.690354 0.681703 0.088097 0.017393
0 0.631087 0.678830 0.025900 0.014973
0 0.594411 0.674141 0.039511 0.032214
0 0.556696 0.679662 0.016636 0.013007
0 0.515754 0.683930 0.051635 0.017611
0 0.549228 0.629828 0.062198 0.018300
0 0.627779 0.629677 0.081670 0.017998
0 0.684116 0.629525 0.023820 0.011041
0 0.753875 0.628316 0.097172 0.015880
0 0.813993 0.630055 0.015124 0.011192
0 0.832047 0.629979 0.015313 0.009226
0 0.848211 0.630584 0.014368 0.010133
0 0.867400 0.630282 0.013044 0.011041
0 0.887345 0.630887 0.021552 0.011645
0 0.868912 0.577877 0.016825 0.013309
0 0.840177 0.574550 0.029303 0.015426
0 0.804824 0.578331 0.035730 0.025711
0 0.753497 0.575155 0.039322 0.011797
0 0.721075 0.575457 0.021741 0.010889
0 0.663793 0.574777 0.077322 0.013158
0 0.573994 0.576894 0.074675 0.014368
0 0.518342 0.522359 0.045703 0.018123
0 0.570591 0.521842 0.053123 0.017695
0 0.620217 0.520179 0.042725 0.011041
0 0.687991 0.522069 0.084884 0.018451
0 0.766541 0.521540 0.069570 0.010738
0 0.811346 0.521540 0.013612 0.009226
0 0.827416 0.522750 0.014746 0.010436
0 0.846415 0.522750 0.011532 0.010133
0 0.862768 0.522977 0.015124 0.009982
0 0.879404 0.522977 0.016636 0.010587
0 0.895852 0.523582 0.017015 0.010587
0 0.884225 0.464144 0.032328 0.013612
0 0.837341 0.465203 0.050855 0.011797
0 0.785636 0.466413 0.047641 0.014217
0 0.743288 0.463464 0.029492 0.011645
0 0.663793 0.465052 0.016069 0.010587
0 0.571725 0.461195 0.076565 0.016788
0 0.563407 0.409244 0.075431 0.013309
0 0.642997 0.410454 0.071272 0.013007
0 0.706707 0.408488 0.049342 0.013007
0 0.746124 0.410832 0.021930 0.010133
0 0.779113 0.409698 0.035730 0.012099
0 0.817490 0.412798 0.028168 0.016788
0 0.850574 0.410908 0.020606 0.010889
0 0.887061 0.410908 0.014935 0.010889
0 0.756994 0.356461 0.028168 0.016636
0 0.732040 0.358730 0.022875 0.012099
0 0.709637 0.358352 0.021930 0.012250
0 0.659728 0.359486 0.067680 0.013914
0 0.609535 0.357066 0.021741 0.016031
0 0.554049 0.358503 0.065033 0.017998
0 0.540721 0.302091 0.048208 0.015880
0 0.599421 0.299973 0.020796 0.010133
0 0.623714 0.300578 0.020985 0.012553
0 0.698956 0.300276 0.015313 0.011948
0 0.721642 0.300427 0.029681 0.012250
0 0.752552 0.299822 0.021174 0.012553
0 0.796317 0.301259 0.056526 0.017544
0 0.841878 0.300427 0.036865 0.012553
0 0.869952 0.247568 0.035163 0.012402
0 0.842823 0.248325 0.017582 0.010587
0 0.815411 0.240460 0.027034 0.043860
0 0.783083 0.250593 0.023253 0.019661
0 0.732891 0.249081 0.034029 0.012099
0 0.704911 0.249308 0.020417 0.020115
0 0.665589 0.248476 0.022686 0.013914
0 0.636664 0.248627 0.018905 0.012402
0 0.597909 0.251123 0.035920 0.017393
0 0.573994 0.248778 0.012288 0.011797
0 0.548378 0.246888 0.025711 0.014065
0 0.506632 0.247190 0.052109 0.011948
0 0.537224 0.194786 0.036298 0.013612
0 0.565676 0.195391 0.019472 0.010889
0 0.610481 0.194786 0.036487 0.009679
0 0.647723 0.196600 0.020985 0.015729
0 0.694230 0.197508 0.070516 0.018149
0 0.785825 0.195164 0.100953 0.014368
0 0.849629 0.196222 0.011910 0.010738
0 0.885738 0.198264 0.056148 0.013612
0 0.774860 0.142683 0.031004 0.015275
0 0.731378 0.142910 0.041591 0.014822
0 0.626928 0.143364 0.089043 0.012099
0 0.560288 0.142986 0.038944 0.011041
0 0.525030 0.142608 0.022875 0.010889
0 0.385177 0.143650 0.048716 0.011921
0 0.497511 0.791632 0.014328 0.009858
0 0.480604 0.792320 0.016621 0.012609
0 0.460687 0.793352 0.014042 0.013297
0 0.444926 0.792435 0.011749 0.013297
0 0.428162 0.793123 0.016048 0.013297
0 0.413261 0.793237 0.017194 0.014901
0 0.379446 0.791632 0.039546 0.012609
0 0.396783 0.736153 0.079379 0.019945
0 0.451231 0.734090 0.019773 0.017652
0 0.484616 0.735236 0.035534 0.019945
0 0.516281 0.735809 0.022639 0.012838
0 0.475732 0.679642 0.021206 0.017423
0 0.453237 0.680445 0.016907 0.013067
0 0.433893 0.680101 0.013182 0.011463
0 0.415553 0.682623 0.017194 0.014672
0 0.399649 0.681018 0.011749 0.012380
0 0.383744 0.680445 0.011463 0.011692
0 0.369989 0.680445 0.016048 0.013984
0 0.373428 0.629551 0.024645 0.012609
0 0.427732 0.630239 0.083964 0.016735
0 0.494932 0.630239 0.041839 0.012150
0 0.377153 0.575906 0.020633 0.011233
0 0.416270 0.574989 0.058746 0.012609
0 0.482896 0.573957 0.063044 0.013297
0 0.472007 0.521458 0.042412 0.018340
0 0.420711 0.522261 0.051009 0.017194
0 0.375291 0.522490 0.038113 0.010775
0 0.471290 0.464374 0.070209 0.016048
0 0.516998 0.464489 0.027510 0.024072
0 0.421428 0.463113 0.023785 0.015818
0 0.377870 0.463916 0.020346 0.013755
0 0.389476 0.408666 0.050436 0.014672
0 0.434610 0.409697 0.018054 0.013984
0 0.473296 0.409697 0.047856 0.026364
0 0.346348 0.407749 0.023785 0.013297
0 0.230145 0.409697 0.016048 0.012150
0 0.211089 0.411188 0.013469 0.012380
0 0.318551 0.407634 0.021492 0.011233
0 0.368986 0.357543 0.016334 0.014214
0 0.400509 0.358803 0.036967 0.014443
0 0.434753 0.356740 0.022925 0.014901
0 0.478025 0.358918 0.060752 0.014672
0 0.511123 0.300802 0.012895 0.013067
0 0.486048 0.298625 0.026937 0.016506
0 0.420425 0.300115 0.043558 0.012609
0 0.374574 0.298510 0.030376 0.013067
0 0.511266 0.192481 0.021206 0.019257
0 0.486622 0.193856 0.017194 0.011921
0 0.458681 0.195002 0.028943 0.013297
0 0.412114 0.194200 0.022925 0.014443
0 0.440055 0.247730 0.074221 0.017423
0 0.381452 0.246126 0.044131 0.016965
0 0.337751 0.199014 0.011749 0.014443
0 0.329727 0.200161 0.010030 0.012150
0 0.311673 0.200390 0.022639 0.013067
0 0.239459 0.199702 0.014615 0.013526
0 0.206504 0.201651 0.014615 0.015589
1 0.363261 0.117046 0.005583 0.009853
1 0.371472 0.115732 0.008868 0.016421
1 0.380996 0.115535 0.011495 0.014714
1 0.393887 0.113302 0.016586 0.018392
1 0.402262 0.112185 0.007390 0.004335
1 0.406121 0.115732 0.006240 0.005123
1 0.412936 0.119936 0.008047 0.013531
1 0.416549 0.124468 0.006733 0.005780
1 0.420736 0.127949 0.007554 0.005123
1 0.430178 0.120067 0.010674 0.014582
1 0.435023 0.123943 0.006240 0.005518
1 0.439703 0.127687 0.008703 0.004861
1 0.449474 0.120330 0.015765 0.010904
1 0.518608 0.131365 0.012809 0.013269
1 0.547920 0.130183 0.009360 0.010904
1 0.568611 0.119542 0.021184 0.017210
1 0.592504 0.118425 0.011167 0.014714
1 0.621324 0.114024 0.012973 0.014319
1 0.630930 0.118622 0.010838 0.013531
1 0.635200 0.119345 0.006240 0.004992
1 0.639716 0.123286 0.009360 0.005255
1 0.651375 0.114550 0.007718 0.008276
1 0.655563 0.111134 0.007554 0.006700
1 0.668289 0.104697 0.022497 0.010904
1 0.678881 0.107390 0.007554 0.003678
1 0.682822 0.111594 0.008868 0.003941
1 0.695056 0.107653 0.009689 0.010247
1 0.691608 0.172616 0.009360 0.014319
1 0.674694 0.172747 0.013630 0.014582
1 0.650390 0.171433 0.013301 0.015896
1 0.619600 0.169266 0.013137 0.008145
1 0.608433 0.165128 0.016421 0.009590
1 0.582159 0.162894 0.007225 0.004861
1 0.580352 0.159216 0.008211 0.006437
1 0.575754 0.158756 0.011167 0.011823
1 0.567626 0.158887 0.008047 0.007094
1 0.562042 0.162697 0.009360 0.005255
1 0.547099 0.167230 0.011002 0.011429
1 0.524027 0.167689 0.011495 0.015502
1 0.453825 0.180892 0.018556 0.006437
1 0.422624 0.178922 0.011988 0.010641
1 0.409487 0.174389 0.019213 0.019706
1 0.362029 0.170120 0.004762 0.008539
1 0.335673 0.186016 0.013137 0.013531
1 0.310302 0.181483 0.013958 0.012086
1 0.359895 0.218859 0.012973 0.011429
1 0.376480 0.218070 0.011659 0.012480
1 0.396350 0.217019 0.008375 0.012480
1 0.422542 0.217742 0.011167 0.013400
1 0.437240 0.212815 0.018556 0.014319
1 0.457931 0.216165 0.007061 0.014451
1 0.494140 0.215903 0.009853 0.012874
1 0.517294 0.216691 0.010510 0.013400
1 0.548002 0.212027 0.022005 0.012480
1 0.556952 0.213144 0.008047 0.006306
1 0.560236 0.216888 0.006076 0.005649
1 0.574441 0.219844 0.016093 0.010772
1 0.594721 0.218267 0.007390 0.007882
1 0.599401 0.213998 0.004270 0.005649
1 0.609008 0.211764 0.009360 0.011955
1 0.622802 0.205459 0.015929 0.011692
1 0.637006 0.215706 0.010838 0.013531
1 0.652771 0.211764 0.024304 0.010378
1 0.669357 0.215640 0.011495 0.011035
1 0.674037 0.218070 0.008375 0.005386
1 0.676910 0.223128 0.010181 0.004992
1 0.686435 0.220369 0.011167 0.009196
1 0.676418 0.265495 0.020363 0.012218
1 0.656876 0.267335 0.017407 0.013269
1 0.647927 0.274166 0.008375 0.005912
1 0.700968 0.277122 0.009360 0.009196
1 0.695385 0.279749 0.006076 0.006306
1 0.639552 0.266481 0.004762 0.006831
1 0.632162 0.264576 0.017899 0.012218
1 0.620503 0.266284 0.010346 0.014845
1 0.598991 0.266678 0.013630 0.010116
1 0.572142 0.267072 0.024304 0.009590
1 0.553011 0.270553 0.008375 0.004729
1 0.548987 0.270225 0.012152 0.012218
1 0.534701 0.265101 0.011167 0.013531
1 0.520578 0.265890 0.012480 0.011167
1 0.512696 0.266087 0.009853 0.004992
1 0.508919 0.269831 0.006897 0.004073
1 0.497835 0.262605 0.013630 0.009853
1 0.482070 0.261554 0.012645 0.014057
1 0.465238 0.265364 0.018720 0.013531
1 0.452676 0.269962 0.008047 0.006963
1 0.449966 0.265036 0.006240 0.005255
1 0.443890 0.260372 0.011167 0.014845
1 0.431738 0.270882 0.019377 0.027982
1 0.409898 0.281851 0.016421 0.013663
1 0.395693 0.276071 0.009689 0.017604
1 0.387811 0.284150 0.009689 0.012480
1 0.374099 0.282442 0.022005 0.010904
1 0.362440 0.271144 0.012480 0.009327
1 0.361373 0.326583 0.010346 0.011429
1 0.370404 0.325664 0.008375 0.006437
1 0.374838 0.321920 0.008703 0.006306
1 0.384198 0.322117 0.012645 0.013531
1 0.400702 0.317716 0.014122 0.016290
1 0.408584 0.321788 0.010510 0.014188
1 0.437075 0.325204 0.022169 0.013925
1 0.460230 0.321985 0.012973 0.013531
1 0.484698 0.321263 0.020855 0.013137
1 0.495864 0.321985 0.007718 0.006963
1 0.500873 0.326715 0.006897 0.006437
1 0.512696 0.325269 0.017407 0.013006
1 0.534454 0.330524 0.011659 0.012218
1 0.554078 0.321197 0.021676 0.012743
1 0.578874 0.320671 0.009853 0.013794
1 0.603507 0.322248 0.012480 0.014845
1 0.610978 0.321985 0.007061 0.005386
1 0.616233 0.325335 0.008703 0.013400
1 0.637006 0.325335 0.010838 0.013663
1 0.656302 0.329473 0.021841 0.013269
1 0.673626 0.337487 0.015765 0.010378
1 0.688077 0.343924 0.010838 0.013531
1 0.693907 0.367637 0.017571 0.010510
1 0.655070 0.374074 0.020363 0.013663
1 0.619764 0.374468 0.021348 0.014188
1 0.589548 0.374731 0.017407 0.015765
1 0.561386 0.379066 0.012316 0.016027
1 0.541023 0.378015 0.014287 0.014451
1 0.512368 0.378278 0.008868 0.009459
1 0.500462 0.373417 0.027095 0.013137
1 0.471560 0.379723 0.023811 0.026274
1 0.411212 0.386751 0.016093 0.013794
1 0.391013 0.384255 0.020363 0.016421
1 0.377876 0.385635 0.010838 0.008408
1 0.373524 0.390758 0.009689 0.008933
1 0.362358 0.379263 0.012316 0.012480
1 0.347414 0.388328 0.013301 0.016684
1 0.331978 0.381496 0.013958 0.014319
1 0.323111 0.384846 0.007718 0.008145
1 0.318759 0.388722 0.009524 0.007751
1 0.309809 0.383401 0.008375 0.007094
1 0.308742 0.379000 0.011167 0.005912
1 0.303487 0.376636 0.008868 0.014319
1 0.294537 0.371841 0.009032 0.022070
1 0.361537 0.436081 0.013301 0.012874
1 0.378779 0.434899 0.013630 0.014188
1 0.450130 0.441927 0.016421 0.011955
1 0.361947 0.453554 0.012152 0.011298
1 0.423117 0.453488 0.014615 0.012218
1 0.475584 0.439103 0.022333 0.012349
1 0.362850 0.491914 0.013630 0.009984
1 0.373853 0.486594 0.013958 0.014057
1 0.415645 0.490732 0.013466 0.013137
1 0.456945 0.492637 0.015600 0.011692
1 0.470411 0.488761 0.019542 0.018129
1 0.485272 0.492637 0.011167 0.014845
1 0.507277 0.491783 0.011495 0.013400
1 0.524684 0.490732 0.015765 0.014714
1 0.538970 0.492637 0.010510 0.012743
1 0.556623 0.501045 0.012316 0.014057
1 0.582569 0.492702 0.013958 0.015239
1 0.607119 0.484426 0.012809 0.010247
1 0.629288 0.492046 0.020691 0.012349
1 0.658929 0.502161 0.015272 0.015239
1 0.681016 0.495790 0.019049 0.017735
1 0.693168 0.567256 0.008211 0.004335
1 0.687256 0.560490 0.011495 0.004992
1 0.682001 0.559111 0.011823 0.013006
1 0.658601 0.553462 0.012316 0.015370
1 0.643903 0.548601 0.009853 0.014582
1 0.616972 0.542755 0.019706 0.010247
1 0.600961 0.546499 0.013301 0.010116
1 0.581748 0.554578 0.013301 0.014714
1 0.565984 0.548601 0.011988 0.015370
1 0.545457 0.552411 0.023154 0.010378
1 0.526983 0.568241 0.008211 0.006306
1 0.520086 0.559374 0.009524 0.005123
1 0.512286 0.560753 0.020855 0.019180
1 0.495454 0.558060 0.014779 0.011955
1 0.480921 0.566927 0.019542 0.012612
1 0.457848 0.566008 0.012152 0.009721
1 0.436665 0.566730 0.010181 0.011692
1 0.422871 0.556746 0.017078 0.010641
1 0.399963 0.567453 0.012973 0.007882
1 0.378369 0.566205 0.011823 0.010904
1 0.370076 0.563249 0.006404 0.008671
1 0.361701 0.555564 0.009032 0.008276
1 0.363343 0.535267 0.013630 0.011561
1 0.359977 0.589786 0.010838 0.012874
1 0.360387 0.610805 0.009032 0.006043
1 0.371800 0.618491 0.008539 0.006963
1 0.398731 0.621578 0.012480 0.009459
1 0.431164 0.613039 0.008047 0.015239
1 0.452840 0.609689 0.010346 0.015633
1 0.478047 0.610214 0.005255 0.008539
1 0.484698 0.606470 0.008375 0.008145
1 0.492087 0.604828 0.015272 0.014057
1 0.506374 0.604368 0.008047 0.015502
1 0.531088 0.603908 0.012480 0.013794
1 0.545375 0.605879 0.004926 0.008276
1 0.551122 0.607784 0.009196 0.008933
1 0.566887 0.611462 0.019706 0.012349
1 0.596363 0.607587 0.009689 0.014057
1 0.611882 0.609952 0.017735 0.010904
1 0.631095 0.620593 0.011823 0.010904
1 0.647023 0.620855 0.019706 0.008539
1 0.662706 0.619607 0.010346 0.009984
1 0.681098 0.614287 0.010674 0.016421
1 0.685942 0.614287 0.007882 0.003810
1 0.689719 0.617571 0.007225 0.005649
1 0.703267 0.643780 0.009689 0.015239
1 0.679784 0.644174 0.011988 0.011561
1 0.661310 0.653567 0.012480 0.015108
1 0.629617 0.657114 0.014779 0.014845
1 0.603507 0.656654 0.014451 0.014188
1 0.455796 0.657836 0.012973 0.014714
1 0.438389 0.653041 0.019542 0.014582
1 0.417698 0.662040 0.011988 0.015502
1 0.401687 0.656917 0.013466 0.014188
1 0.386087 0.651793 0.010838 0.013925
1 0.373771 0.651202 0.011495 0.014845
1 0.361865 0.638919 0.011331 0.009984
1 0.362358 0.659085 0.013301 0.007225
1 0.359320 0.697379 0.011823 0.013400
1 0.360962 0.716494 0.010181 0.007225
1 0.372868 0.710714 0.012645 0.015633
1 0.396843 0.710122 0.010674 0.011298
1 0.420079 0.705130 0.012152 0.015765
1 0.445779 0.707955 0.011659 0.014057
1 0.477390 0.712421 0.008868 0.016421
1 0.515980 0.713078 0.012480 0.013269
1 0.539791 0.703882 0.011495 0.014845
1 0.572799 0.708020 0.011823 0.013925
1 0.602603 0.709203 0.011988 0.012086
1 0.625840 0.708809 0.012152 0.012874
1 0.658108 0.702174 0.009360 0.013269
1 0.690130 0.706247 0.014287 0.013531
1 0.360798 0.762474 0.016421 0.010904
1 0.358088 0.781391 0.006733 0.006437
1 0.373524 0.767729 0.011002 0.007751
1 0.390849 0.767860 0.016421 0.006437
1 0.418191 0.766481 0.012645 0.012349
1 0.433955 0.766152 0.012645 0.014845
1 0.449309 0.767466 0.013466 0.015370
1 0.464417 0.774035 0.010510 0.012743
1 0.479443 0.766743 0.011988 0.013137
1 0.498245 0.768583 0.014779 0.009721
1 0.614591 0.770816 0.015272 0.014714
1 0.641194 0.766152 0.013301 0.011692
1 0.665744 0.763196 0.015108 0.011298
1 0.684793 0.758073 0.012809 0.011561
1 0.720071 0.108712 0.020691 0.012743
1 0.735589 0.112588 0.008047 0.011561
1 0.739776 0.116858 0.009196 0.009327
1 0.746673 0.116923 0.007554 0.006306
1 0.755048 0.113770 0.010838 0.012349
1 0.773851 0.125922 0.018885 0.014057
1 0.787317 0.118828 0.011659 0.013531
1 0.796348 0.115347 0.006733 0.004992
1 0.802342 0.114756 0.008539 0.004861
1 0.810963 0.118894 0.016586 0.012874
1 0.823936 0.118434 0.018885 0.012218
1 0.839537 0.109895 0.011988 0.013006
1 0.844709 0.111471 0.007225 0.006174
1 0.848897 0.120207 0.012316 0.008408
1 0.857354 0.120273 0.011495 0.011429
1 0.861377 0.125856 0.006733 0.006569
1 0.865483 0.129469 0.009032 0.006963
1 0.709068 0.168618 0.012152 0.012743
1 0.724587 0.166647 0.018885 0.012218
1 0.751436 0.168027 0.022662 0.014976
1 0.775575 0.168289 0.014779 0.013925
1 0.791093 0.164545 0.008375 0.006437
1 0.798073 0.159488 0.006897 0.007620
1 0.806530 0.158896 0.013958 0.014057
1 0.819338 0.159685 0.012316 0.006700
1 0.823690 0.161590 0.007882 0.010247
1 0.848651 0.166319 0.015765 0.011561
1 0.858503 0.170129 0.014122 0.009721
1 0.877470 0.167830 0.021841 0.013531
1 0.900050 0.168881 0.009524 0.015370
1 0.894384 0.223137 0.009689 0.010116
1 0.887652 0.222217 0.006404 0.009590
1 0.881658 0.215189 0.005912 0.005518
1 0.878209 0.214335 0.013137 0.013531
1 0.869834 0.213810 0.006897 0.007488
1 0.863923 0.217619 0.009196 0.006174
1 0.838141 0.230428 0.018392 0.014714
1 0.743882 0.222940 0.022333 0.018392
1 0.726968 0.235946 0.015436 0.013400
1 0.707016 0.237194 0.011659 0.012480
1 0.714734 0.275029 0.018556 0.013269
1 0.730498 0.277262 0.014944 0.013794
1 0.750368 0.287772 0.011331 0.014319
1 0.779681 0.277065 0.013794 0.015239
1 0.813098 0.276014 0.022169 0.014714
1 0.836417 0.279890 0.005748 0.004073
1 0.844627 0.276934 0.006076 0.005518
1 0.851606 0.276408 0.012152 0.014976
1 0.855466 0.277131 0.007718 0.004598
1 0.860146 0.280612 0.008868 0.004467
1 0.864415 0.286195 0.008211 0.006700
1 0.876731 0.283371 0.016093 0.011823
1 0.705209 0.334540 0.011002 0.014582
1 0.729677 0.320943 0.022826 0.016027
1 0.756937 0.324425 0.009689 0.013531
1 0.766872 0.324884 0.020691 0.014714
1 0.775329 0.326001 0.009032 0.005386
1 0.781405 0.330073 0.007718 0.005386
1 0.788138 0.336905 0.008703 0.007488
1 0.797334 0.341503 0.009032 0.006700
1 0.803081 0.336511 0.007718 0.007751
1 0.810307 0.335000 0.013301 0.014976
1 0.815479 0.336970 0.008539 0.007094
1 0.821145 0.341568 0.010674 0.007357
1 0.828699 0.340846 0.008703 0.015370
1 0.723930 0.373886 0.008703 0.014188
1 0.743389 0.374411 0.012809 0.013663
1 0.768596 0.375200 0.010674 0.014188
1 0.786906 0.375265 0.013137 0.014582
1 0.800700 0.376054 0.015108 0.014845
1 0.821309 0.379863 0.011988 0.013269
1 0.844053 0.381900 0.011495 0.007620
1 0.850129 0.378155 0.009853 0.007488
1 0.858093 0.377039 0.013301 0.015765
1 0.879112 0.377236 0.010674 0.015108
1 0.885270 0.376382 0.007882 0.005780
1 0.888801 0.381243 0.007718 0.007094
1 0.893235 0.386695 0.007390 0.005386
1 0.901610 0.376710 0.019213 0.016947
1 0.732715 0.447323 0.011167 0.012874
1 0.751682 0.445418 0.012316 0.011429
1 0.775493 0.437732 0.011002 0.014976
1 0.795527 0.435893 0.014615 0.015239
1 0.821145 0.436813 0.008047 0.008145
1 0.825743 0.433134 0.007390 0.008145
1 0.834610 0.431230 0.008703 0.014057
1 0.855219 0.428733 0.009853 0.013794
1 0.878127 0.429456 0.013301 0.012612
1 0.892085 0.425581 0.012645 0.015370
1 0.895123 0.494616 0.012809 0.015765
1 0.879441 0.491792 0.020198 0.016159
1 0.863840 0.497638 0.013301 0.012612
1 0.847583 0.494222 0.011988 0.014188
1 0.830341 0.489559 0.010017 0.014319
1 0.809814 0.490150 0.014944 0.016290
1 0.777217 0.507228 0.014122 0.012874
1 0.749383 0.505717 0.013958 0.013794
1 0.711449 0.495930 0.015600 0.011035
1 0.721713 0.559054 0.019706 0.013006
1 0.744539 0.565820 0.011495 0.011035
1 0.762192 0.566279 0.011988 0.011429
1 0.716047 0.618631 0.012645 0.013137
1 0.737806 0.613048 0.013466 0.012218
1 0.756444 0.604246 0.022169 0.013269
1 0.783129 0.603195 0.018720 0.010378
1 0.794049 0.610486 0.009032 0.006306
1 0.813755 0.613770 0.016586 0.014714
1 0.827385 0.608712 0.013301 0.013531
1 0.833132 0.609961 0.009032 0.007357
1 0.838223 0.614887 0.009032 0.005386
1 0.840111 0.612457 0.015436 0.006569
1 0.851032 0.620733 0.008703 0.007357
1 0.872790 0.619945 0.011167 0.005518
1 0.900707 0.656729 0.012809 0.013400
1 0.882150 0.656138 0.012809 0.013794
1 0.866632 0.654693 0.011002 0.012218
1 0.843396 0.655875 0.011167 0.014582
1 0.825825 0.659225 0.009524 0.013925
1 0.790683 0.655809 0.012809 0.017078
1 0.768186 0.649635 0.010181 0.014714
1 0.753242 0.645497 0.009524 0.013794
1 0.723273 0.651605 0.013301 0.012349
1 0.730745 0.714007 0.012152 0.006306
1 0.770649 0.716766 0.013137 0.013137
1 0.790437 0.717028 0.013958 0.012612
1 0.810717 0.713875 0.014779 0.016553
1 0.817778 0.714269 0.007225 0.007620
1 0.822458 0.718736 0.009689 0.005780
1 0.838305 0.716700 0.010838 0.014845
1 0.862280 0.717685 0.014122 0.013663
1 0.879687 0.770825 0.014451 0.015633
1 0.857765 0.775620 0.012973 0.013400
1 0.832147 0.770299 0.017243 0.015108
1 0.789123 0.769446 0.016257 0.015239
1 0.755541 0.759001 0.017078 0.014319
1 0.714652 0.764322 0.011167 0.013663
1 0.993570 0.768723 0.010346 0.013269
1 0.992913 0.713087 0.006404 0.013663
1 0.994473 0.652853 0.005583 0.008539
1 0.990942 0.603261 0.007061 0.013663
1 0.995130 0.597349 0.008211 0.013400
1 0.990942 0.547165 0.009360 0.011561
1 0.989629 0.493368 0.005748 0.012218
1 0.997729 0.437930 0.004542 0.014582
1 0.990942 0.445024 0.007718 0.005386
1 0.990368 0.426500 0.010181 0.012218
1 0.987330 0.390176 0.009032 0.008145
1 0.987165 0.373360 0.009689 0.011561
1 0.988479 0.337430 0.008703 0.007488
1 0.991024 0.317199 0.008539 0.010641
1 0.995048 0.319695 0.009360 0.010904
1 0.989793 0.288166 0.004105 0.005386
1 0.988643 0.270365 0.008703 0.011035
1 0.995130 0.272270 0.005583 0.012480
1 0.990286 0.221758 0.004762 0.009196
1 0.989464 0.239361 0.007718 0.007094
1 0.996990 0.223728 0.006020 0.013137
1 0.988397 0.184054 0.006569 0.007094
1 0.986591 0.166844 0.006897 0.013663
1 0.994145 0.168946 0.007882 0.013137
1 0.986016 0.114164 0.005419 0.012349
1 0.990860 0.112522 0.005583 0.015370
1 0.996744 0.110946 0.006512 0.013006
0 0.994773 0.632031 0.010453 0.013663
0 0.996005 0.685499 0.007990 0.010510
0 0.994855 0.798676 0.010289 0.012218