1 0.251520 0.107238 0.013653 0.023117
1 0.273804 0.111562 0.018548 0.017130
1 0.306005 0.129939 0.012880 0.023948
1 0.363451 0.118713 0.012365 0.017795
1 0.400547 0.119878 0.013396 0.010145
1 0.426050 0.109899 0.011335 0.011143
1 0.451038 0.109400 0.011850 0.010145
1 0.470616 0.112311 0.018033 0.016963
1 0.499340 0.126779 0.012108 0.022285
1 0.543906 0.128359 0.011592 0.023117
1 0.250748 0.165445 0.012108 0.021121
1 0.268394 0.178999 0.011850 0.013970
1 0.290290 0.169354 0.012880 0.015300
1 0.313990 0.182159 0.021639 0.024281
1 0.332281 0.192138 0.013396 0.017296
1 0.349798 0.198208 0.013396 0.009479
1 0.389083 0.201118 0.014168 0.010311
1 0.435066 0.200619 0.011850 0.016298
1 0.471389 0.190890 0.010820 0.018127
1 0.495862 0.187398 0.012365 0.016464
1 0.530639 0.186151 0.033489 0.022950
1 0.553309 0.197210 0.011335 0.016797
1 0.568765 0.203363 0.009789 0.019458
1 0.251005 0.231053 0.011077 0.018959
1 0.285911 0.242695 0.011850 0.012639
1 0.316438 0.232384 0.011077 0.013637
1 0.350442 0.228642 0.012108 0.011475
1 0.388182 0.233548 0.015972 0.019957
1 0.429013 0.237290 0.012623 0.024447
1 0.506295 0.248682 0.012623 0.013305
1 0.545065 0.245439 0.010820 0.010145
1 0.248944 0.284022 0.010562 0.020788
1 0.262984 0.288845 0.015972 0.019125
1 0.288230 0.294499 0.011335 0.010477
1 0.309225 0.297992 0.017775 0.021121
1 0.334342 0.297576 0.013911 0.016631
1 0.380840 0.299987 0.013653 0.018127
1 0.423603 0.293834 0.014168 0.022119
1 0.450394 0.289593 0.012108 0.022285
1 0.487747 0.285020 0.011077 0.011808
1 0.526904 0.289261 0.018290 0.019957
1 0.549831 0.289261 0.012108 0.018959
1 0.253324 0.332334 0.011077 0.017296
1 0.285009 0.345722 0.011592 0.011143
1 0.313733 0.341148 0.010820 0.010976
1 0.342070 0.336076 0.018548 0.021121
1 0.385090 0.344142 0.018033 0.016963
1 0.423216 0.344391 0.010820 0.015466
1 0.482209 0.347218 0.015457 0.019125
1 0.498309 0.353538 0.015714 0.022784
1 0.533859 0.357529 0.011592 0.010477
1 0.553824 0.354702 0.018033 0.017130
1 0.243406 0.387049 0.010304 0.019292
1 0.254354 0.415404 0.014684 0.013138
1 0.287972 0.414988 0.011850 0.010644
1 0.342843 0.400353 0.011335 0.016631
1 0.380067 0.399688 0.013653 0.015965
1 0.414071 0.388878 0.011592 0.012639
1 0.446107 0.391433 0.017513 0.017404
1 0.468343 0.407948 0.012003 0.020199
1 0.516062 0.397023 0.012987 0.017404
1 0.544594 0.405280 0.013381 0.025534
1 0.246082 0.440850 0.012200 0.017912
1 0.259069 0.441422 0.011413 0.012450
1 0.280813 0.440977 0.010429 0.009528
1 0.302163 0.444470 0.016923 0.017531
1 0.334829 0.454189 0.011413 0.019182
1 0.424068 0.454824 0.015545 0.020707
1 0.463718 0.451838 0.011413 0.013974
1 0.496187 0.443073 0.011020 0.012450
1 0.525999 0.444788 0.012397 0.012322
1 0.553056 0.446376 0.016923 0.017023
1 0.244409 0.495793 0.011610 0.018801
1 0.269301 0.512943 0.011807 0.017023
1 0.343389 0.503542 0.011610 0.014990
1 0.380383 0.505384 0.010036 0.012577
1 0.409801 0.500239 0.018104 0.017531
1 0.441089 0.512307 0.011413 0.022358
1 0.457914 0.508687 0.007281 0.035189
1 0.524621 0.509322 0.011216 0.019182
1 0.244999 0.548259 0.010036 0.017785
1 0.261824 0.560772 0.010232 0.012068
1 0.290750 0.552133 0.011020 0.011560
1 0.322727 0.565853 0.021449 0.021977
1 0.339945 0.576524 0.013774 0.016134
1 0.355982 0.583193 0.010429 0.008893
1 0.368084 0.584845 0.004329 0.041160
1 0.395535 0.579192 0.012791 0.010798
1 0.430758 0.571633 0.012003 0.013212
1 0.455355 0.569347 0.013578 0.016769
1 0.480248 0.564011 0.012200 0.017531
1 0.499827 0.569855 0.025778 0.019818
1 0.520686 0.577286 0.010036 0.015371
1 0.540462 0.579319 0.011020 0.010036
1 0.240080 0.614381 0.010429 0.019182
1 0.280715 0.627465 0.011020 0.016642
1 0.314364 0.617557 0.012200 0.013847
1 0.342601 0.613364 0.010036 0.013847
1 0.389238 0.613428 0.011610 0.013466
1 0.426724 0.612602 0.012594 0.012068
1 0.464309 0.614762 0.017710 0.017658
1 0.495498 0.616413 0.011216 0.017404
1 0.543119 0.632039 0.010429 0.012831
1 0.509666 0.614254 0.007281 0.027821
1 0.238112 0.658017 0.010036 0.019564
1 0.252083 0.671801 0.009642 0.018166
1 0.276681 0.662019 0.018300 0.017404
1 0.307870 0.671610 0.018104 0.019309
1 0.342208 0.673770 0.010823 0.021088
1 0.409703 0.673833 0.010823 0.019436
1 0.439121 0.662464 0.011020 0.013720
1 0.466375 0.660812 0.011610 0.018293
1 0.499139 0.660876 0.017710 0.019182
1 0.536330 0.661574 0.011413 0.019818
1 0.240473 0.712389 0.011216 0.019818
1 0.278156 0.729285 0.013381 0.018801
1 0.317512 0.726553 0.012594 0.017404
1 0.340634 0.717597 0.018300 0.020834
1 0.388943 0.727824 0.012987 0.022231
1 0.421510 0.726744 0.012791 0.017277
1 0.449846 0.728268 0.013184 0.011941
1 0.475132 0.729030 0.011020 0.021850
1 0.527180 0.725219 0.014758 0.016261
1 0.541643 0.733921 0.014955 0.020961
0 0.283863 0.149811 0.075563 0.019945
0 0.353326 0.151145 0.061788 0.025915
0 0.411572 0.150954 0.053130 0.022231
0 0.475525 0.153749 0.070840 0.028329
0 0.535936 0.155591 0.054704 0.026423
0 0.275598 0.205770 0.054704 0.022866
0 0.348013 0.208502 0.089731 0.024010
0 0.422001 0.209708 0.060608 0.027948
0 0.478280 0.208247 0.051162 0.022485
0 0.539380 0.210280 0.071037 0.027059
0 0.273729 0.262365 0.067101 0.023502
0 0.334632 0.260269 0.055098 0.023629
0 0.410588 0.263826 0.095634 0.025407
0 0.491661 0.265032 0.066118 0.025534
0 0.543020 0.262111 0.033452 0.022993
0 0.257888 0.317752 0.029123 0.021215
0 0.309936 0.315529 0.075366 0.023629
0 0.375759 0.317943 0.062576 0.022104
0 0.432824 0.316927 0.052737 0.023629
0 0.507502 0.322135 0.096225 0.025153
0 0.269695 0.371869 0.064937 0.025280
0 0.327941 0.370409 0.051162 0.023375
0 0.405866 0.372632 0.103899 0.026550
0 0.513011 0.373013 0.109999 0.025788
0 0.272843 0.425415 0.069266 0.022358
0 0.333648 0.427511 0.063363 0.026042
0 0.391796 0.425161 0.052933 0.023375
0 0.449059 0.425034 0.054114 0.022358
0 0.501893 0.429226 0.057066 0.018039
0 0.546759 0.425860 0.030304 0.022231
0 0.255822 0.480803 0.027746 0.020834
0 0.324596 0.482518 0.108622 0.026805
0 0.412753 0.481438 0.068479 0.025153
0 0.474246 0.478897 0.055295 0.022612
0 0.535739 0.482264 0.067692 0.025788
0 0.272352 0.536762 0.067889 0.023502
0 0.335714 0.537207 0.067495 0.022866
2 0.407735 0.124086 0.326849 0.035824
2 0.409112 0.182713 0.321733 0.034173
2 0.405964 0.237529 0.315042 0.033537
2 0.404488 0.292345 0.318781 0.034427
0 0.398782 0.534348 0.055492 0.023248
0 0.458405 0.534793 0.061788 0.024391
0 0.518423 0.537524 0.066905 0.025534
0 0.267826 0.589355 0.057656 0.025026
0 0.327843 0.590434 0.060017 0.021088
0 0.386188 0.590879 0.057853 0.027313
0 0.442860 0.588847 0.054704 0.023248
0 0.517439 0.590689 0.097602 0.024899
0 0.268318 0.645377 0.062969 0.023248
0 0.327154 0.643726 0.056279 0.024010
0 0.430168 0.644425 0.148174 0.022104
0 0.532493 0.646076 0.053720 0.024391
0 0.264776 0.696255 0.053524 0.022104
0 0.332467 0.698351 0.077531 0.026296
0 0.403701 0.700003 0.064150 0.024264
0 0.462439 0.697716 0.052146 0.021977
0 0.528557 0.699114 0.078121 0.028583
0 0.266153 0.763394 0.073202 0.039762
0 0.329712 0.752342 0.054704 0.024264
0 0.422789 0.752850 0.129087 0.022993
0 0.519505 0.766443 0.069463 0.043065
2 0.406052 0.345997 0.328423 0.032140
2 0.402314 0.401766 0.324881 0.032648
2 0.397492 0.454677 0.334523 0.032267
2 0.396115 0.510064 0.326652 0.030743
2 0.396509 0.565579 0.323110 0.031251
2 0.392770 0.620014 0.334917 0.031378
2 0.391786 0.672035 0.326652 0.031759
2 0.395328 0.726533 0.328226 0.031505
0 0.487519 0.073188 0.058837 0.048782
0 0.592106 0.076428 0.090912 0.038746
1 0.613063 0.113967 0.012397 0.018293
1 0.623591 0.140644 0.010232 0.018293
1 0.646909 0.135690 0.015545 0.017277
1 0.673081 0.142994 0.011216 0.012577
1 0.701712 0.147504 0.011020 0.011179
1 0.733885 0.144265 0.012003 0.013085
1 0.803840 0.129719 0.009445 0.014482
1 0.839457 0.131180 0.010232 0.011306
1 0.863168 0.121906 0.010429 0.011814
1 0.885208 0.124955 0.015152 0.015371
1 0.904492 0.138358 0.008855 0.009147
1 0.612670 0.169862 0.009642 0.017531
1 0.643367 0.179708 0.009642 0.017150
1 0.671310 0.181994 0.011610 0.012577
1 0.697383 0.175007 0.016529 0.017912
1 0.729064 0.188791 0.011020 0.024137
1 0.795870 0.185615 0.011610 0.016007
1 0.825289 0.186441 0.011413 0.016896
1 0.845458 0.177548 0.010429 0.016896
1 0.867990 0.190569 0.020071 0.023629
1 0.883732 0.201304 0.013381 0.014863
1 0.909903 0.214960 0.007478 0.020326
1 0.610899 0.223662 0.009249 0.018166
1 0.636185 0.253515 0.011020 0.012831
1 0.676721 0.247100 0.011807 0.016261
1 0.703286 0.245131 0.011020 0.020961
1 0.718241 0.237763 0.010232 0.015371
1 0.732212 0.243416 0.022433 0.019309
1 0.747364 0.252626 0.008265 0.019691
1 0.761631 0.254087 0.008461 0.008893
1 0.770289 0.246465 0.006494 0.038111
1 0.785539 0.253769 0.009839 0.008511
1 0.816138 0.244686 0.014365 0.024899
1 0.847131 0.241638 0.011807 0.019818
1 0.885798 0.244941 0.010429 0.023375
1 0.604897 0.278224 0.009445 0.018547
1 0.628707 0.291182 0.017316 0.019309
1 0.663832 0.293849 0.012397 0.021596
1 0.709681 0.283115 0.011216 0.019436
1 0.733787 0.284893 0.011807 0.011306
1 0.759958 0.291372 0.010626 0.016896
1 0.784359 0.292706 0.013381 0.017785
1 0.803249 0.295501 0.012987 0.021850
1 0.825289 0.302488 0.011807 0.017785
1 0.856675 0.291245 0.013971 0.016388
1 0.887864 0.299693 0.010626 0.021342
1 0.607357 0.336152 0.010823 0.016515
1 0.614047 0.352984 0.011216 0.010798
1 0.633627 0.359590 0.026762 0.022739
1 0.660782 0.363528 0.010626 0.014355
1 0.688528 0.356986 0.012594 0.020580
1 0.708009 0.350634 0.010626 0.024137
1 0.724145 0.352603 0.024794 0.020707
1 0.747955 0.363147 0.010626 0.011560
1 0.766354 0.355271 0.007281 0.039254
1 0.830208 0.357304 0.012594 0.012322
1 0.854117 0.350761 0.010823 0.013720
1 0.873204 0.348475 0.009249 0.019055
1 0.656453 0.402782 0.012987 0.027313
1 0.671211 0.406593 0.017710 0.018674
1 0.695513 0.413707 0.013578 0.016388
1 0.723554 0.408308 0.011020 0.013466
1 0.745003 0.400242 0.013381 0.023756
1 0.756121 0.391667 0.011216 0.017023
1 0.775405 0.400178 0.014758 0.017531
1 0.796953 0.409007 0.016136 0.017150
1 0.834439 0.399479 0.014365 0.015371
1 0.606668 0.457979 0.016529 0.030997
1 0.624968 0.460330 0.012987 0.013593
1 0.656453 0.461346 0.012987 0.016134
1 0.695612 0.462553 0.018104 0.017277
1 0.719619 0.457090 0.011413 0.019055
1 0.746872 0.451183 0.010823 0.016134
1 0.776980 0.443180 0.011610 0.011560
1 0.798724 0.448007 0.012594 0.011306
1 0.822829 0.454232 0.011216 0.015625
1 0.854609 0.454867 0.014168 0.014355
1 0.883633 0.456519 0.027352 0.016896
1 0.604110 0.511207 0.014168 0.028710
1 0.625067 0.512922 0.018300 0.018166
1 0.669047 0.517813 0.012594 0.017531
1 0.707714 0.510699 0.012397 0.019309
1 0.747955 0.513939 0.012200 0.017912
1 0.803249 0.508540 0.019678 0.017531
1 0.831881 0.518194 0.011216 0.018039
1 0.860807 0.514129 0.015939 0.018293
1 0.882846 0.515273 0.010823 0.016261
1 0.902131 0.520989 0.021842 0.024645
1 0.606176 0.566913 0.014365 0.029853
1 0.632938 0.570279 0.012397 0.015498
1 0.679771 0.562276 0.010429 0.011433
1 0.716667 0.567103 0.012594 0.012958
1 0.748152 0.572312 0.011807 0.010671
1 0.772749 0.565642 0.010626 0.009528
1 0.791640 0.570787 0.011413 0.014228
1 0.818893 0.562403 0.010823 0.011687
1 0.835620 0.561831 0.021842 0.012831
1 0.853723 0.569453 0.010429 0.016134
1 0.864841 0.573391 0.009445 0.008511
1 0.878714 0.573773 0.010823 0.017912
1 0.804725 0.569390 0.006887 0.028202
1 0.623296 0.606484 0.010429 0.016515
1 0.638546 0.627191 0.012200 0.017785
1 0.669539 0.616012 0.019875 0.016007
1 0.705057 0.618553 0.012200 0.018293
1 0.743429 0.621093 0.025581 0.013720
1 0.786622 0.621157 0.010823 0.016896
1 0.807087 0.624269 0.012003 0.013720
1 0.840342 0.619188 0.021842 0.013466
1 0.863660 0.631574 0.011020 0.011814
1 0.897014 0.631510 0.009249 0.015498
1 0.602732 0.657870 0.011020 0.019182
1 0.607947 0.677180 0.013184 0.015371
1 0.624575 0.682325 0.021252 0.014482
1 0.641990 0.683785 0.011216 0.016642
1 0.666292 0.683913 0.016136 0.017404
1 0.708402 0.685691 0.011020 0.011814
1 0.688724 0.676926 0.005510 0.026042
1 0.745495 0.675973 0.027352 0.022358
1 0.765271 0.666636 0.013381 0.015625
1 0.790951 0.674512 0.016726 0.019436
1 0.808858 0.678386 0.010823 0.016515
1 0.837587 0.666890 0.024991 0.018674
1 0.867498 0.670955 0.015545 0.015117
1 0.889930 0.678577 0.010036 0.018928
1 0.601355 0.712559 0.011020 0.017277
1 0.608636 0.734790 0.011807 0.015752
1 0.632839 0.724564 0.016923 0.017404
1 0.664816 0.724373 0.016333 0.015752
1 0.693447 0.723738 0.022433 0.014736
1 0.715093 0.729264 0.010626 0.016896
1 0.727391 0.725898 0.010823 0.016769
1 0.742543 0.728057 0.022236 0.014736
1 0.759466 0.727486 0.010429 0.011560
1 0.781407 0.729899 0.016136 0.018674
1 0.812301 0.729582 0.010232 0.016261
1 0.843097 0.728439 0.010429 0.018293
1 0.878419 0.733139 0.011807 0.019055
0 0.631265 0.153030 0.049982 0.021977
0 0.709485 0.159890 0.106457 0.024772
0 0.794001 0.158366 0.062576 0.026550
0 0.872614 0.160589 0.095044 0.027440
0 0.632347 0.211467 0.052540 0.025280
0 0.683411 0.208862 0.050769 0.023121
0 0.735656 0.211848 0.051359 0.028075
0 0.785244 0.212610 0.058837 0.023502
0 0.839162 0.211530 0.046636 0.022104
0 0.885995 0.213753 0.042701 0.020707
0 0.628609 0.265520 0.057656 0.024645
0 0.683411 0.263361 0.049982 0.022358
0 0.729064 0.263424 0.040143 0.022231
0 0.787802 0.266155 0.090321 0.023883
0 0.872417 0.267235 0.077334 0.019945
0 0.647106 0.320717 0.089928 0.023248
0 0.734279 0.320717 0.081269 0.024518
0 0.794296 0.318050 0.035223 0.021977
0 0.865431 0.321797 0.103505 0.024645
0 0.619360 0.372802 0.036404 0.019945
0 0.714404 0.372738 0.119838 0.020834
0 0.787704 0.372993 0.028730 0.022612
0 0.837686 0.371976 0.080679 0.021850
0 0.891800 0.338185 0.022039 0.012195
0 0.889635 0.348030 0.025581 0.014101
0 0.892292 0.362703 0.025778 0.010925
0 0.895145 0.376677 0.034239 0.011687
0 0.886683 0.390905 0.053130 0.012450
0 0.880583 0.406911 0.042898 0.014736
0 0.884224 0.428507 0.050966 0.026169
0 0.625755 0.411230 0.103112 0.060215
0 0.588367 0.452644 0.028730 0.022866
0 0.678886 0.427999 0.042111 0.020580
0 0.765173 0.426284 0.126135 0.021215
0 0.841621 0.431238 0.033452 0.021215
0 0.640022 0.481926 0.070643 0.017912
1 0.674556 0.457789 0.007084 0.029091
0 0.689708 0.480655 0.022826 0.018928
0 0.731622 0.480782 0.058640 0.018674
0 0.800593 0.478813 0.077334 0.023121
0 0.873007 0.480020 0.065921 0.021977
0 0.628805 0.537059 0.056475 0.018674
0 0.714010 0.535344 0.110786 0.022104
0 0.808759 0.535281 0.077924 0.019691
0 0.875762 0.536678 0.060411 0.026550
0 0.649467 0.590351 0.092683 0.021596
0 0.754448 0.591303 0.107835 0.026550
0 0.847918 0.590097 0.075956 0.019309
0 0.896621 0.587429 0.021055 0.020072
0 0.611981 0.634496 0.047227 0.040270
0 0.707517 0.644849 0.140697 0.017531
0 0.801872 0.642181 0.052343 0.019818
0 0.864546 0.642308 0.074185 0.020326
0 0.672982 0.696997 0.050769 0.019691
0 0.711944 0.697251 0.025188 0.019182
0 0.767633 0.697696 0.089731 0.025915
0 0.856478 0.695155 0.088353 0.019818
0 0.665898 0.754100 0.137745 0.025915
0 0.790852 0.751432 0.057853 0.019818
0 0.863365 0.749781 0.084024 0.019818
2 0.759860 0.132450 0.315829 0.042557
2 0.758778 0.187076 0.309336 0.036205
2 0.756318 0.240685 0.306384 0.035951
2 0.753465 0.293278 0.311303 0.033919
2 0.734574 0.347522 0.266831 0.030616
2 0.752579 0.401893 0.212324 0.030616
2 0.754055 0.455121 0.303826 0.031378
2 0.758581 0.508730 0.316813 0.031632
2 0.747955 0.565198 0.303432 0.029472
2 0.759073 0.618235 0.279622 0.032140
2 0.743921 0.669621 0.308352 0.033792
2 0.751005 0.725263 0.314649 0.033792