1 0.134125 0.119096 0.008573 0.016886
1 0.155122 0.138139 0.018600 0.022702
1 0.172196 0.127257 0.010317 0.015009
1 0.211284 0.129930 0.008573 0.007974
1 0.274494 0.128711 0.009155 0.007036
1 0.306535 0.128429 0.008428 0.007411
1 0.337776 0.123270 0.010462 0.014728
1 0.370544 0.126882 0.008864 0.007880
1 0.394520 0.125615 0.009445 0.007786
1 0.409414 0.124818 0.008719 0.008068
1 0.117196 0.176225 0.005812 0.016323
1 0.135215 0.201929 0.008428 0.013133
1 0.180333 0.192641 0.008864 0.016698
1 0.228140 0.186825 0.026010 0.020075
1 0.261416 0.194658 0.014967 0.016792
1 0.287572 0.197473 0.018745 0.017917
1 0.311693 0.192829 0.026592 0.019325
1 0.337558 0.195878 0.028045 0.013977
1 0.387981 0.198458 0.010317 0.010319
1 0.116615 0.231947 0.006394 0.017261
1 0.133326 0.244705 0.009881 0.008068
1 0.165512 0.242970 0.024267 0.018480
1 0.185129 0.240202 0.012061 0.014822
1 0.199950 0.240812 0.009155 0.015103
1 0.218405 0.232182 0.028045 0.018293
1 0.246522 0.232182 0.028190 0.018668
1 0.283939 0.233495 0.034148 0.022233
1 0.319976 0.237341 0.014967 0.013977
1 0.359863 0.238936 0.010462 0.018480
1 0.379989 0.229414 0.011189 0.017824
1 0.391904 0.221957 0.009155 0.014165
1 0.409777 0.223176 0.010026 0.007974
1 0.115235 0.293017 0.006248 0.017448
1 0.128022 0.297097 0.010317 0.014353
1 0.151199 0.293814 0.009590 0.013227
1 0.176192 0.293157 0.008428 0.010788
1 0.214917 0.293392 0.008864 0.011069
1 0.261344 0.288561 0.013659 0.016229
1 0.276601 0.294565 0.015112 0.019043
1 0.288807 0.291469 0.016275 0.012477
1 0.314963 0.286825 0.014822 0.016323
1 0.329930 0.285090 0.011044 0.015854
1 0.367855 0.297097 0.010462 0.010038
1 0.400550 0.303852 0.013078 0.015666
1 0.115598 0.344330 0.007556 0.016698
1 0.131509 0.348786 0.019326 0.017917
1 0.151054 0.341610 0.017728 0.013133
1 0.192903 0.348129 0.029353 0.015854
1 0.220875 0.353007 0.007992 0.008912
1 0.233226 0.353945 0.013223 0.013977
1 0.279653 0.360887 0.009590 0.008912
1 0.315544 0.351788 0.010462 0.015478
1 0.364295 0.348739 0.009736 0.007880
1 0.411739 0.350146 0.010753 0.014071
1 0.112692 0.391234 0.006975 0.016510
1 0.130347 0.409902 0.008573 0.016135
1 0.154759 0.409902 0.013804 0.016510
1 0.179607 0.407792 0.009736 0.015291
1 0.189997 0.404086 0.007847 0.017824
1 0.207288 0.409246 0.026446 0.018011
1 0.235769 0.413608 0.024993 0.016979
1 0.257856 0.417829 0.013659 0.016979
1 0.271370 0.417360 0.002616 0.018856
1 0.305445 0.417454 0.009445 0.008161
1 0.336541 0.402867 0.018164 0.021576
1 0.356594 0.402726 0.009445 0.007786
1 0.391686 0.402679 0.009009 0.008818
1 0.118432 0.446206 0.007120 0.018011
1 0.135287 0.457463 0.009155 0.008443
1 0.160063 0.457510 0.009590 0.007974
1 0.185637 0.454414 0.011915 0.014728
1 0.241654 0.452257 0.010608 0.008724
1 0.260399 0.451741 0.009736 0.008255
1 0.282704 0.454837 0.013659 0.015385
1 0.300287 0.448927 0.019181 0.020075
1 0.324771 0.455446 0.028335 0.018293
1 0.377591 0.455728 0.011334 0.018293
1 0.386673 0.446488 0.008573 0.017448
1 0.115743 0.509152 0.007556 0.017636
1 0.134052 0.513467 0.024412 0.016323
1 0.161298 0.509855 0.024848 0.022420
1 0.187163 0.508120 0.014676 0.017636
1 0.210631 0.508589 0.030515 0.023265
1 0.239910 0.510653 0.028335 0.019512
1 0.264395 0.517454 0.011334 0.014916
1 0.286191 0.516094 0.029353 0.018574
1 0.305082 0.519377 0.009300 0.015197
1 0.323318 0.520972 0.014386 0.020638
1 0.140955 0.562717 0.008573 0.016886
1 0.157084 0.566000 0.009155 0.015197
1 0.183530 0.561122 0.009445 0.014634
1 0.196318 0.566281 0.016420 0.012946
1 0.220947 0.569142 0.035456 0.021857
1 0.248629 0.566610 0.009736 0.016792
1 0.261126 0.562107 0.007411 0.007974
1 0.278999 0.560653 0.009736 0.007505
1 0.301667 0.561309 0.009736 0.007129
1 0.353107 0.559199 0.010317 0.008724
1 0.391105 0.567688 0.013659 0.015947
1 0.117996 0.615156 0.007701 0.019325
1 0.135142 0.613561 0.011189 0.015385
1 0.164567 0.616281 0.009009 0.007880
1 0.182077 0.620315 0.007411 0.017448
1 0.214554 0.615156 0.008719 0.009568
1 0.241436 0.613561 0.009881 0.008630
1 0.266211 0.619002 0.014676 0.017073
1 0.290260 0.615812 0.009881 0.015385
1 0.317360 0.619705 0.011189 0.015103
1 0.363133 0.624067 0.012061 0.015947
1 0.376356 0.621957 0.014095 0.018105
1 0.397862 0.627585 0.015258 0.017542
1 0.116906 0.671253 0.009300 0.016698
1 0.129184 0.676178 0.010026 0.016792
1 0.142335 0.682792 0.018018 0.012383
1 0.159409 0.678383 0.017873 0.014634
1 0.177863 0.687998 0.015548 0.014165
1 0.205036 0.682510 0.012933 0.015572
1 0.231046 0.676600 0.019617 0.019512
1 0.259600 0.673739 0.034002 0.024296
1 0.305082 0.681197 0.032549 0.019700
1 0.328695 0.683636 0.014386 0.015009
1 0.342426 0.685418 0.008137 0.024953
1 0.378245 0.687154 0.010026 0.017355
1 0.395392 0.677632 0.011770 0.018762
1 0.406653 0.668814 0.011625 0.014634
1 0.208959 0.715109 0.008283 0.018480
1 0.230901 0.730493 0.010608 0.010788
1 0.272024 0.724630 0.008864 0.010131
1 0.292440 0.723411 0.009590 0.007692
1 0.317360 0.727351 0.009736 0.008068
1 0.342935 0.729039 0.009445 0.013321
1 0.394810 0.728617 0.012351 0.018293
0 0.194283 0.741516 0.044901 0.048780
0 0.237876 0.757088 0.036473 0.018386
0 0.338430 0.756103 0.157370 0.026173
0 0.144151 0.739311 0.061757 0.050188
0 0.124825 0.701225 0.031823 0.019231
0 0.163478 0.706244 0.046935 0.024578
0 0.217823 0.700850 0.052166 0.019981
0 0.310313 0.702867 0.037199 0.018574
0 0.380425 0.700146 0.063500 0.022326
0 0.131655 0.645315 0.033567 0.020169
0 0.177791 0.648645 0.058705 0.026079
0 0.221020 0.647566 0.023685 0.016979
0 0.298034 0.644658 0.126565 0.021482
0 0.391977 0.647004 0.058414 0.017542
0 0.125188 0.580024 0.026156 0.043246
0 0.171615 0.597754 0.068150 0.025797
0 0.269408 0.590718 0.119299 0.022608
0 0.377228 0.589827 0.093725 0.020638
0 0.150763 0.538795 0.068586 0.021013
0 0.303629 0.540578 0.122060 0.024765
0 0.390596 0.536450 0.037054 0.021388
0 0.172632 0.487107 0.114068 0.024203
0 0.273622 0.483214 0.087622 0.019606
0 0.400114 0.481666 0.032549 0.019325
0 0.155558 0.429368 0.082536 0.020544
0 0.310386 0.429368 0.023104 0.016229
0 0.346422 0.429368 0.044610 0.017355
0 0.392049 0.426694 0.046354 0.020638
0 0.133980 0.378429 0.042866 0.024672
0 0.186800 0.376037 0.025865 0.018762
0 0.231846 0.376178 0.049696 0.017917
0 0.282050 0.374536 0.024848 0.018199
0 0.324408 0.374630 0.056961 0.017448
0 0.395119 0.374067 0.076034 0.017073
0 0.121701 0.324255 0.013950 0.016886
0 0.170743 0.323739 0.067860 0.024296
0 0.239765 0.322144 0.064953 0.017355
0 0.327169 0.320596 0.057252 0.016323
0 0.375557 0.317923 0.031677 0.021107
0 0.409204 0.319105 0.032046 0.022291
0 0.163986 0.269658 0.099101 0.026079
0 0.270643 0.265906 0.025865 0.017636
0 0.316706 0.264546 0.048824 0.018293
0 0.388383 0.261778 0.092495 0.023077
0 0.134634 0.213655 0.040687 0.020075
0 0.187018 0.213232 0.055654 0.016979
0 0.261126 0.213748 0.091981 0.022889
0 0.399277 0.208515 0.057903 0.017864
0 0.130202 0.143157 0.044610 0.050750
0 0.197698 0.159246 0.115957 0.021388
0 0.278490 0.154649 0.033421 0.021013
0 0.341772 0.153101 0.092562 0.022233
0 0.410211 0.155212 0.042571 0.023827
2 0.276983 0.127741 0.289518 0.040449
2 0.269239 0.186313 0.312046 0.038063
2 0.267391 0.241192 0.308350 0.040563
2 0.265191 0.293684 0.312398 0.039654
2 0.265983 0.347484 0.304478 0.034086
2 0.265191 0.403101 0.312398 0.034200
2 0.265191 0.456049 0.312046 0.035563
2 0.264663 0.510984 0.311342 0.034541
2 0.272143 0.564670 0.290750 0.034654
2 0.265543 0.619379 0.305710 0.031587
2 0.262199 0.676587 0.303246 0.032609
2 0.311742 0.729080 0.215422 0.033064
1 0.473814 0.115340 0.008278 0.019834
1 0.492837 0.120478 0.015123 0.019629
1 0.514964 0.120478 0.011939 0.020451
1 0.542026 0.120067 0.010029 0.008530
1 0.601085 0.128545 0.010029 0.008838
1 0.632286 0.125154 0.010666 0.011716
1 0.670491 0.125154 0.011302 0.012743
1 0.725730 0.126644 0.010347 0.008324
1 0.752633 0.126798 0.010029 0.008633
1 0.473177 0.175048 0.010188 0.018396
1 0.484400 0.178594 0.009392 0.013565
1 0.494986 0.177669 0.008596 0.013154
1 0.506209 0.180598 0.010029 0.010996
1 0.519023 0.174534 0.008596 0.010380
1 0.529848 0.185531 0.008915 0.008530
1 0.543618 0.192622 0.008437 0.013668
1 0.588032 0.188511 0.009711 0.009969
1 0.603712 0.183372 0.009551 0.008530
1 0.618516 0.171862 0.010188 0.008735
1 0.637301 0.171760 0.009551 0.008324
1 0.663726 0.176127 0.010188 0.018293
1 0.677655 0.173198 0.004298 0.019218
1 0.728993 0.169396 0.010825 0.018396
1 0.743400 0.184914 0.011621 0.009146
1 0.769507 0.180598 0.010029 0.008735
1 0.469755 0.230800 0.008119 0.017265
1 0.487982 0.228642 0.011462 0.016649
1 0.509631 0.229002 0.010825 0.016135
1 0.557945 0.231211 0.009711 0.013771
1 0.586758 0.222579 0.010029 0.009044
1 0.613104 0.218519 0.009870 0.010174
1 0.634117 0.221602 0.009551 0.008941
1 0.657120 0.224737 0.011621 0.016443
1 0.686331 0.221243 0.011462 0.008838
1 0.746981 0.223555 0.011462 0.014901
1 0.469516 0.286603 0.008915 0.019115
1 0.495066 0.293797 0.010984 0.013154
1 0.529848 0.284034 0.008596 0.016854
1 0.585166 0.287271 0.009711 0.015724
1 0.611990 0.288094 0.010506 0.010996
1 0.637141 0.284702 0.010188 0.009763
1 0.671606 0.297857 0.014168 0.019012
1 0.697553 0.296880 0.015441 0.019732
1 0.747539 0.302584 0.010666 0.012024
1 0.470789 0.341019 0.009233 0.018807
1 0.482967 0.356640 0.008755 0.013257
1 0.512258 0.350166 0.009711 0.008735
1 0.539479 0.343794 0.012576 0.018807
1 0.590499 0.347031 0.009551 0.008016
1 0.611751 0.350217 0.010984 0.013771
1 0.643031 0.335007 0.010506 0.012127
1 0.656324 0.338193 0.008437 0.010071
1 0.666114 0.332952 0.008278 0.009249
1 0.677734 0.327762 0.011143 0.008530
1 0.686410 0.336857 0.009392 0.008838
1 0.699384 0.345593 0.009870 0.008838
1 0.753827 0.334545 0.010506 0.013052
1 0.468720 0.396977 0.008915 0.018704
1 0.486549 0.399392 0.010506 0.013463
1 0.516954 0.396103 0.011462 0.021068
1 0.610796 0.394973 0.009392 0.018396
1 0.617561 0.411827 0.010506 0.008735
1 0.634754 0.407665 0.008915 0.009455
1 0.647329 0.394922 0.011780 0.016032
1 0.664999 0.392866 0.011462 0.011099
1 0.688480 0.392918 0.011302 0.012435
1 0.710925 0.395230 0.012258 0.007810
1 0.741012 0.391787 0.012576 0.008941
1 0.762502 0.386135 0.011939 0.008119
1 0.468322 0.449132 0.007800 0.016957
1 0.487027 0.446614 0.010506 0.011921
1 0.537171 0.447796 0.011143 0.016340
1 0.571635 0.447179 0.010347 0.012641
1 0.604747 0.446820 0.010984 0.013565
1 0.640803 0.452318 0.012417 0.007297
1 0.675745 0.446254 0.012258 0.014285
1 0.720238 0.455247 0.010188 0.012332
1 0.746106 0.449337 0.010347 0.008735
1 0.765607 0.460693 0.014964 0.017265
1 0.467685 0.506991 0.008119 0.018396
1 0.488778 0.520196 0.014327 0.017676
1 0.548792 0.523999 0.008915 0.015004
1 0.578401 0.517473 0.010506 0.010585
1 0.613343 0.510844 0.011939 0.018704
1 0.681635 0.515109 0.011302 0.008324
1 0.712199 0.515829 0.009711 0.008324
1 0.726924 0.515007 0.007323 0.024151
1 0.464661 0.563616 0.006845 0.019218
1 0.474371 0.561458 0.007800 0.013668
1 0.485037 0.565158 0.009711 0.007913
1 0.496657 0.559146 0.010029 0.009455
1 0.507562 0.556474 0.007959 0.011716
1 0.517670 0.563205 0.008437 0.009146
1 0.531042 0.571838 0.010984 0.008530
1 0.568611 0.559608 0.011939 0.010791
1 0.587315 0.561252 0.010188 0.016135
1 0.612228 0.558118 0.010984 0.010482
1 0.635947 0.557964 0.010029 0.009352
1 0.655209 0.557245 0.009392 0.009352
1 0.670412 0.560893 0.009551 0.016443
0 0.477555 0.758414 0.034226 0.027131
0 0.524754 0.757489 0.050940 0.017882
0 0.567735 0.757027 0.049348 0.031961
0 0.627192 0.751991 0.058741 0.023123
0 0.679008 0.752402 0.040434 0.021479
0 0.730267 0.755999 0.066222 0.030728
0 0.495702 0.728765 0.072112 0.019834
0 0.574182 0.729433 0.092170 0.024664
0 0.642952 0.726247 0.045050 0.021992
0 0.689753 0.727378 0.043140 0.017882
0 0.745867 0.728971 0.066541 0.021273
0 0.492917 0.700401 0.065586 0.027234
0 0.589544 0.702200 0.125759 0.024459
0 0.667069 0.698808 0.028654 0.021787
0 0.699066 0.701686 0.028972 0.024870
0 0.754702 0.698654 0.078480 0.019629
0 0.512576 0.676148 0.105860 0.024562
0 0.638654 0.673270 0.143110 0.025384
0 0.736873 0.672654 0.050144 0.017573
0 0.538763 0.647373 0.033748 0.018190
0 0.626794 0.644341 0.142315 0.022404
0 0.736236 0.643878 0.073386 0.024356
0 0.573944 0.617467 0.106656 0.023123
0 0.641997 0.615617 0.027858 0.019834
0 0.676381 0.616850 0.040275 0.024151
0 0.702170 0.614230 0.004935 0.024459
0 0.722307 0.620807 0.030246 0.012332
0 0.733610 0.606625 0.055716 0.012332
0 0.480659 0.634526 0.110477 0.065875
0 0.504060 0.592186 0.081505 0.016957
0 0.553567 0.590644 0.019739 0.021890
0 0.582778 0.591210 0.038046 0.019115
0 0.647807 0.589308 0.090101 0.020656
0 0.731540 0.592134 0.070361 0.011099
0 0.712597 0.580111 0.035021 0.010277
0 0.750404 0.579288 0.040911 0.014593
0 0.712756 0.567162 0.035658 0.010071
0 0.735122 0.565158 0.008755 0.010996
0 0.751837 0.566288 0.023719 0.010996
0 0.698111 0.552209 0.025470 0.015929
0 0.719123 0.552157 0.016874 0.014388
0 0.756453 0.552055 0.055875 0.013360
0 0.694768 0.571683 0.005094 0.049740
0 0.498886 0.537821 0.070521 0.017368
0 0.594081 0.536280 0.116048 0.020245
0 0.700021 0.535971 0.094558 0.017985
0 0.493951 0.481812 0.060332 0.018396
0 0.560810 0.479757 0.074978 0.022095
0 0.611592 0.480014 0.024356 0.019732
0 0.659826 0.479911 0.068292 0.025898
0 0.743002 0.479603 0.093603 0.025281
0 0.508835 0.429246 0.095513 0.022404
0 0.569566 0.427448 0.022764 0.017985
0 0.594956 0.410234 0.026107 0.050973
0 0.636505 0.426266 0.062720 0.017882
0 0.728118 0.426060 0.119551 0.024048
0 0.521411 0.371696 0.107293 0.020965
0 0.608965 0.372569 0.063039 0.017985
0 0.680679 0.372107 0.078798 0.018704
0 0.729710 0.369640 0.021172 0.024664
0 0.764492 0.369589 0.047438 0.025589
0 0.515840 0.319541 0.099652 0.021068
0 0.610955 0.315070 0.087076 0.021992
0 0.694768 0.316406 0.084370 0.018498
0 0.755020 0.315636 0.036136 0.018601
0 0.507244 0.261733 0.092329 0.019732
0 0.564551 0.261117 0.022605 0.020143
0 0.648842 0.260552 0.144384 0.018601
0 0.745708 0.260141 0.048075 0.027028
0 0.508437 0.205930 0.081027 0.016237
0 0.556114 0.205159 0.019103 0.022917
0 0.591534 0.203721 0.053965 0.023123
0 0.650036 0.206136 0.061447 0.020965
0 0.693096 0.201100 0.023719 0.018704
0 0.710448 0.187740 0.026584 0.052412
0 0.752633 0.202025 0.062243 0.021992
0 0.528734 0.149973 0.120665 0.025178
0 0.650274 0.145451 0.115412 0.021479
0 0.738783 0.144783 0.062243 0.021992
0 0.427808 0.075363 0.043299 0.054365
0 0.502786 0.085074 0.103154 0.039258
0 0.849260 0.064418 0.155209 0.057961
2 0.621939 0.118936 0.319491 0.040799
2 0.753031 0.174894 0.061128 0.034530
2 0.581983 0.177926 0.236077 0.037922
2 0.619790 0.233215 0.316148 0.037716
2 0.624088 0.288248 0.323471 0.038230
2 0.620029 0.342869 0.311532 0.035250
2 0.689435 0.400317 0.174630 0.034427
2 0.522924 0.401961 0.117640 0.032989
2 0.617243 0.454168 0.314875 0.032783
2 0.618278 0.510228 0.316308 0.034736
2 0.573227 0.566391 0.225570 0.034427