1 0.310998 0.087740 0.016827 0.016426
1 0.369892 0.083534 0.063702 0.028846
1 0.427284 0.080228 0.049279 0.037059
1 0.472206 0.094651 0.039363 0.035857
1 0.506911 0.099259 0.033654 0.026643
1 0.561899 0.093149 0.017428 0.032853
1 0.611178 0.091947 0.064904 0.034455
1 0.577825 0.117188 0.009615 0.009215
1 0.668720 0.099159 0.011118 0.010817
1 0.725962 0.093950 0.067909 0.020433
1 0.812800 0.090244 0.027043 0.012220
1 0.846004 0.103165 0.008113 0.009615
1 0.881761 0.092348 0.008714 0.009615
1 0.329627 0.160857 0.027043 0.014022
1 0.381310 0.163361 0.030048 0.028245
1 0.429237 0.164263 0.023738 0.029247
1 0.475210 0.151342 0.040565 0.015024
1 0.524038 0.157752 0.034255 0.016226
1 0.570913 0.161058 0.010817 0.010417
1 0.601262 0.167067 0.018630 0.020833
1 0.669321 0.167268 0.097656 0.032853
1 0.736929 0.176282 0.009916 0.010016
1 0.761569 0.163361 0.010517 0.011819
1 0.793720 0.164263 0.008714 0.010817
1 0.838792 0.164663 0.033954 0.020032
1 0.880409 0.177584 0.033053 0.028245
1 0.310397 0.235276 0.016827 0.013021
1 0.339694 0.259415 0.017127 0.017228
1 0.388822 0.255909 0.017428 0.025841
1 0.422175 0.244591 0.044471 0.030048
1 0.467548 0.245593 0.026442 0.030449
1 0.492188 0.248998 0.022837 0.027244
1 0.540715 0.256410 0.056190 0.021234
1 0.421575 0.326923 0.014423 0.013622
1 0.446665 0.316907 0.038161 0.029647
1 0.482422 0.331831 0.024940 0.015425
1 0.511268 0.329026 0.017728 0.026242
1 0.551833 0.328125 0.012320 0.011218
1 0.586238 0.323518 0.011418 0.011218
1 0.621845 0.304187 0.035156 0.015825
1 0.658954 0.308093 0.031851 0.011218
1 0.744441 0.305389 0.023738 0.014223
1 0.776442 0.311298 0.030649 0.014022
1 0.827825 0.324018 0.028245 0.018630
1 0.856220 0.323217 0.024940 0.014623
1 0.884766 0.325020 0.010517 0.011819
1 0.315355 0.397536 0.018329 0.012620
1 0.338341 0.393129 0.013221 0.007813
1 0.369742 0.391927 0.010517 0.009415
1 0.407151 0.380509 0.027043 0.014223
1 0.437200 0.392829 0.012019 0.009615
1 0.476863 0.388922 0.028846 0.014623
1 0.504357 0.400040 0.012320 0.010016
1 0.549279 0.400441 0.030048 0.009215
1 0.613431 0.416466 0.020733 0.011218
1 0.668419 0.389623 0.024339 0.030048
1 0.705829 0.384816 0.031851 0.022035
1 0.734675 0.401042 0.014423 0.010417
1 0.765325 0.397937 0.031851 0.016627
1 0.809946 0.415264 0.012320 0.009615
1 0.849609 0.402344 0.020733 0.009415
1 0.304688 0.476262 0.019231 0.013421
1 0.336839 0.467949 0.018630 0.013221
1 0.376202 0.477163 0.013822 0.010016
1 0.449970 0.477564 0.038762 0.010817
1 0.502254 0.477564 0.011719 0.011619
1 0.525391 0.467748 0.010517 0.008013
1 0.554988 0.465645 0.028846 0.014623
1 0.597206 0.476963 0.011719 0.009615
1 0.654447 0.477764 0.032452 0.011218
1 0.696514 0.470152 0.014423 0.010417
1 0.720403 0.476763 0.010517 0.009215
1 0.779597 0.471054 0.051983 0.029447
1 0.832782 0.476763 0.009315 0.010817
1 0.882512 0.449119 0.025240 0.030849
1 0.304688 0.545373 0.018029 0.015825
1 0.328425 0.540665 0.013221 0.007212
1 0.395733 0.528846 0.013822 0.010016
1 0.430288 0.534655 0.013221 0.012420
1 0.474309 0.538161 0.024940 0.017829
1 0.545974 0.543570 0.042067 0.029447
1 0.582482 0.564804 0.021334 0.013822
1 0.656550 0.549780 0.016827 0.016226
1 0.681340 0.543369 0.023738 0.015024
1 0.719050 0.540264 0.012019 0.011218
1 0.769681 0.541667 0.011719 0.010817
1 0.813401 0.541466 0.014423 0.010417
1 0.855018 0.541667 0.013522 0.010817
1 0.306490 0.620092 0.016827 0.015024
1 0.335186 0.614583 0.008113 0.010016
1 0.366286 0.613381 0.010216 0.007612
1 0.406550 0.606070 0.037861 0.019431
1 0.447566 0.611478 0.020132 0.017829
1 0.479117 0.611679 0.024339 0.015825
1 0.561899 0.620393 0.021034 0.020833
1 0.593450 0.616486 0.025841 0.017829
1 0.622145 0.614383 0.010517 0.009615
1 0.659706 0.605669 0.027945 0.023838
1 0.702825 0.615284 0.027043 0.017027
1 0.757512 0.622296 0.034856 0.017027
1 0.786508 0.634415 0.021935 0.014423
1 0.841496 0.617788 0.067007 0.022035
1 0.898438 0.608173 0.035457 0.028045
1 0.302284 0.695813 0.016827 0.017428
1 0.324369 0.695212 0.027344 0.014623
1 0.351563 0.708433 0.020433 0.015825
1 0.384014 0.699219 0.020433 0.027444
1 0.425631 0.708133 0.009916 0.008814
1 0.469651 0.691006 0.042067 0.015425
1 0.503756 0.693510 0.012320 0.011218
1 0.542518 0.685597 0.032752 0.017027
1 0.574820 0.696314 0.030649 0.032452
1 0.629808 0.693309 0.014423 0.010817
1 0.659105 0.693109 0.010517 0.009615
1 0.697115 0.696114 0.014423 0.012019
1 0.736028 0.685196 0.020733 0.016226
1 0.780950 0.677384 0.030649 0.027845
1 0.804387 0.666066 0.009014 0.012019
1 0.361629 0.741286 0.020733 0.014223
1 0.387169 0.761218 0.012921 0.010016
1 0.423077 0.750601 0.028846 0.029647
1 0.469802 0.758814 0.040565 0.024038
1 0.504958 0.757111 0.022536 0.019030
1 0.554387 0.754407 0.013822 0.012821
1 0.577825 0.740885 0.013221 0.009014
1 0.618990 0.745893 0.048077 0.035857
1 0.656550 0.781851 0.012019 0.011218
1 0.699069 0.781851 0.012921 0.011218
1 0.747446 0.762720 0.022536 0.014623
1 0.783504 0.763321 0.023137 0.015825
1 0.838942 0.750300 0.046875 0.027043
0 0.350210 0.128506 0.056791 0.014623
0 0.467548 0.122696 0.171274 0.024639
0 0.562500 0.118189 0.019832 0.032051
0 0.593299 0.124199 0.039363 0.019231
0 0.706581 0.124199 0.105469 0.019231
0 0.774940 0.123998 0.032452 0.022837
0 0.795673 0.119591 0.013822 0.049279
0 0.848107 0.128205 0.089844 0.021234
0 0.360877 0.200621 0.076923 0.014623
0 0.432843 0.200421 0.027945 0.013421
0 0.501502 0.199419 0.097957 0.014623
0 0.633113 0.198017 0.146034 0.016627
0 0.767278 0.200421 0.070613 0.018229
0 0.827224 0.202123 0.045673 0.013221
0 0.869742 0.203726 0.026743 0.011619
0 0.339093 0.276743 0.039363 0.014223
0 0.428185 0.277344 0.113582 0.016226
0 0.545373 0.277744 0.066707 0.014623
0 0.629056 0.274840 0.091647 0.024439
0 0.705980 0.276442 0.050781 0.022837
0 0.313702 0.326522 0.202524 0.094551
0 0.435847 0.350060 0.020733 0.015825
0 0.477163 0.351262 0.036659 0.014223
0 0.515625 0.351062 0.030048 0.013021
0 0.615535 0.351262 0.164964 0.016627
0 0.753456 0.351863 0.089243 0.015425
0 0.852614 0.351663 0.101262 0.017428
0 0.475962 0.424980 0.325721 0.017428
0 0.662861 0.427584 0.042067 0.013421
0 0.732422 0.424379 0.085036 0.018630
0 0.829627 0.424379 0.089543 0.015425
0 0.364032 0.499199 0.103065 0.019231
0 0.527043 0.499700 0.203125 0.015024
0 0.769081 0.500100 0.267127 0.017428
0 0.349008 0.575621 0.070613 0.017027
0 0.446665 0.576222 0.116887 0.015825
0 0.555288 0.576723 0.094351 0.014022
0 0.620343 0.567508 0.038161 0.041667
0 0.639573 0.565705 0.023137 0.032853
0 0.767127 0.572817 0.233173 0.016226
0 0.330228 0.645633 0.029447 0.021234
0 0.436298 0.648337 0.171274 0.016627
0 0.608474 0.651442 0.152043 0.022035
0 0.743690 0.644431 0.107572 0.018830
0 0.859976 0.641526 0.107572 0.024639
0 0.336839 0.722556 0.036058 0.018429
0 0.375000 0.720052 0.037260 0.019030
0 0.405799 0.711138 0.023137 0.052885
0 0.425631 0.721655 0.029748 0.015825
0 0.508413 0.721254 0.130409 0.024239
0 0.591196 0.718349 0.026142 0.020833
0 0.708233 0.715445 0.201322 0.024239
0 0.850661 0.715645 0.076322 0.025441
0 0.320613 0.801282 0.099760 0.085737
0 0.401142 0.794171 0.061298 0.018229
0 0.534405 0.793169 0.191406 0.022236
0 0.655048 0.794571 0.036058 0.016627
0 0.760667 0.794671 0.164964 0.021635
2 0.609075 0.095453 0.656851 0.051482
2 0.604267 0.170873 0.655048 0.052484
2 0.596004 0.243590 0.667969 0.049679
2 0.588792 0.323317 0.647536 0.050080
2 0.596905 0.392528 0.663762 0.049079
2 0.597506 0.468550 0.676382 0.048878
2 0.601863 0.540064 0.659856 0.050080
2 0.598107 0.613782 0.657752 0.044071
2 0.592548 0.687600 0.638822 0.046675
2 0.596004 0.762119 0.631911 0.047476