1 0.157500 0.103000 0.010000 0.010800
1 0.158500 0.121200 0.006000 0.004000
1 0.171750 0.128400 0.016500 0.013600
1 0.198000 0.121200 0.017000 0.016000
1 0.221000 0.118600 0.025000 0.018000
1 0.243750 0.121400 0.014500 0.010800
1 0.269250 0.122200 0.011500 0.012400
1 0.293750 0.117800 0.015500 0.013200
1 0.319500 0.123400 0.019000 0.015600
1 0.341000 0.120200 0.025000 0.016400
1 0.366750 0.120600 0.018500 0.014000
1 0.397750 0.119000 0.017500 0.020400
1 0.420250 0.110200 0.010500 0.011600
1 0.431750 0.106600 0.013500 0.013200
1 0.449750 0.110600 0.008500 0.011600
1 0.469250 0.111200 0.008500 0.012000
1 0.489750 0.112000 0.018500 0.012800
1 0.158000 0.159000 0.009000 0.010000
1 0.158250 0.176600 0.006500 0.005200
1 0.176000 0.170800 0.020000 0.008800
1 0.204250 0.180000 0.011500 0.013600
1 0.219250 0.178400 0.019500 0.009600
1 0.250000 0.181600 0.013000 0.008000
1 0.280000 0.181600 0.016000 0.012000
1 0.291250 0.161400 0.008500 0.007600
1 0.305000 0.168200 0.017000 0.009200
1 0.318250 0.162800 0.013500 0.011200
1 0.339750 0.173000 0.011500 0.011600
1 0.363000 0.167200 0.019000 0.009600
1 0.376250 0.175600 0.009500 0.012800
1 0.388000 0.174200 0.009000 0.009200
1 0.399000 0.172800 0.015000 0.013600
1 0.412750 0.175600 0.012500 0.015200
1 0.426000 0.176200 0.012000 0.014800
1 0.437500 0.174800 0.012000 0.010400
1 0.469000 0.184000 0.010000 0.012800
1 0.490750 0.175800 0.018500 0.011600
1 0.514000 0.171800 0.012000 0.013200
1 0.158750 0.213200 0.010500 0.009600
1 0.159750 0.231000 0.007500 0.006800
1 0.175750 0.224000 0.021500 0.008800
1 0.196750 0.233600 0.006500 0.008000
1 0.215500 0.229200 0.019000 0.012800
1 0.235500 0.230200 0.013000 0.009200
1 0.271000 0.221800 0.010000 0.010800
1 0.287500 0.225400 0.012000 0.011600
1 0.310000 0.225200 0.027000 0.017600
1 0.328750 0.228800 0.011500 0.010400
1 0.342500 0.222400 0.015000 0.012000
1 0.355500 0.226200 0.009000 0.011600
1 0.376250 0.225800 0.009500 0.011600
1 0.392250 0.225600 0.009500 0.012000
1 0.408500 0.223000 0.012000 0.009200
1 0.429750 0.221200 0.017500 0.012000
1 0.455000 0.224800 0.012000 0.012800
1 0.477750 0.228200 0.011500 0.010000
1 0.489250 0.225200 0.011500 0.012000
1 0.158750 0.266400 0.009500 0.009600
1 0.160000 0.283000 0.005000 0.005200
1 0.167750 0.286600 0.011500 0.008400
1 0.181750 0.284200 0.016500 0.013200
1 0.197750 0.289000 0.012500 0.010800
1 0.246000 0.293400 0.010000 0.010800
1 0.354500 0.279800 0.008000 0.013200
1 0.371500 0.274200 0.010000 0.010000
1 0.383750 0.266800 0.011500 0.012800
1 0.412500 0.266800 0.009000 0.012800
1 0.443250 0.266200 0.026500 0.013200
1 0.463500 0.267000 0.012000 0.010000
1 0.482000 0.273400 0.011000 0.012400
1 0.504500 0.265600 0.011000 0.012800
1 0.160500 0.324600 0.009000 0.010000
1 0.159500 0.341400 0.007000 0.006000
1 0.169500 0.335200 0.013000 0.009600
1 0.200500 0.326400 0.011000 0.013600
1 0.238500 0.325200 0.010000 0.012000
1 0.267250 0.321800 0.017500 0.014800
1 0.281750 0.333800 0.014500 0.014800
1 0.300250 0.333200 0.021500 0.012000
1 0.334500 0.325000 0.009000 0.012400
1 0.352000 0.324800 0.011000 0.011200
1 0.369000 0.323600 0.010000 0.012800
1 0.396000 0.324800 0.018000 0.015200
1 0.430000 0.325600 0.029000 0.016800
1 0.450000 0.329800 0.012000 0.010800
1 0.467750 0.323400 0.018500 0.015600
1 0.494750 0.319400 0.019500 0.013200
1 0.159000 0.374600 0.010000 0.011600
1 0.174750 0.384600 0.013500 0.009200
1 0.189250 0.378400 0.017500 0.014400
1 0.204500 0.383400 0.012000 0.010800
1 0.249000 0.380200 0.018000 0.019600
1 0.271500 0.376800 0.011000 0.012000
1 0.298000 0.370200 0.016000 0.009200
1 0.317500 0.378400 0.027000 0.017600
1 0.348250 0.376200 0.019500 0.016400
1 0.384750 0.374800 0.007500 0.011200
1 0.402000 0.374200 0.008000 0.011600
1 0.423250 0.373400 0.008500 0.011600
1 0.438750 0.373000 0.009500 0.012400
1 0.454250 0.376200 0.013500 0.014000
1 0.473250 0.367000 0.018500 0.013200
1 0.496500 0.371400 0.010000 0.012400
1 0.159250 0.391600 0.006500 0.005600
1 0.160500 0.431200 0.009000 0.009600
1 0.160250 0.449400 0.005500 0.004400
1 0.171000 0.444800 0.015000 0.013600
1 0.188000 0.447600 0.009000 0.012800
1 0.204500 0.447400 0.009000 0.014000
1 0.229250 0.447200 0.008500 0.013600
1 0.246000 0.447000 0.009000 0.013200
1 0.263250 0.446800 0.009500 0.012800
1 0.278250 0.446800 0.008500 0.013600
1 0.305250 0.435800 0.024500 0.017200
1 0.324250 0.435000 0.014500 0.011600
1 0.340750 0.445400 0.011500 0.012400
1 0.362750 0.439200 0.017500 0.013600
1 0.389750 0.431000 0.014500 0.014000
1 0.410750 0.428400 0.028500 0.019200
1 0.454250 0.433400 0.026500 0.014000
1 0.476500 0.434400 0.013000 0.011200
1 0.503250 0.428400 0.008500 0.012000
1 0.160500 0.502600 0.007000 0.006000
1 0.160000 0.483800 0.010000 0.012400
1 0.174750 0.500800 0.008500 0.013600
1 0.198750 0.500400 0.010500 0.013600
1 0.213750 0.500000 0.007500 0.013600
1 0.227500 0.493800 0.010000 0.010000
1 0.235250 0.490400 0.007500 0.014400
1 0.257500 0.498600 0.008000 0.013200
1 0.280750 0.498800 0.009500 0.014400
1 0.301500 0.498600 0.015000 0.014000
1 0.315750 0.487200 0.014500 0.018400
1 0.334000 0.493000 0.021000 0.014000
1 0.358750 0.484200 0.020500 0.014000
1 0.391250 0.481800 0.027500 0.018800
1 0.421000 0.483400 0.023000 0.013200
1 0.466000 0.488200 0.026000 0.014800
1 0.484750 0.490600 0.008500 0.012400
1 0.501750 0.487800 0.021500 0.013200
1 0.162000 0.544400 0.011000 0.009600
1 0.163000 0.561800 0.006000 0.005200
1 0.171000 0.555400 0.013000 0.010000
1 0.204250 0.549200 0.016500 0.019200
1 0.233000 0.543600 0.016000 0.009600
1 0.259000 0.540400 0.016000 0.016000
1 0.279000 0.546800 0.021000 0.020800
1 0.312250 0.553000 0.024500 0.015600
1 0.329000 0.555200 0.010000 0.012800
1 0.340500 0.554400 0.012000 0.010400
1 0.358500 0.559200 0.008000 0.012800
1 0.376000 0.549400 0.014000 0.010000
1 0.390750 0.549600 0.008500 0.012000
1 0.408250 0.553600 0.008500 0.011200
1 0.422250 0.550600 0.015500 0.013200
1 0.442250 0.553800 0.007500 0.013200
1 0.468000 0.553400 0.009000 0.013200
1 0.488500 0.548200 0.018000 0.013200
1 0.191250 0.553200 0.010500 0.004000
1 0.162750 0.595800 0.010500 0.010800
1 0.164250 0.612800 0.006500 0.007200
1 0.173750 0.609400 0.010500 0.009200
1 0.185000 0.607400 0.013000 0.015600
1 0.195500 0.609400 0.007000 0.014800
1 0.212000 0.608400 0.013000 0.010400
1 0.274000 0.599600 0.014000 0.019200
1 0.297250 0.595400 0.009500 0.011600
1 0.320250 0.594400 0.012500 0.010400
1 0.348250 0.588800 0.013500 0.011200
1 0.365500 0.595200 0.021000 0.012800
1 0.380750 0.600200 0.009500 0.010800
1 0.411500 0.595600 0.018000 0.016000
1 0.444500 0.593000 0.009000 0.010800
1 0.468750 0.592000 0.010500 0.012800
1 0.497250 0.592200 0.007500 0.013200
1 0.163750 0.652400 0.009500 0.010400
1 0.161750 0.669000 0.006500 0.006800
1 0.172750 0.663600 0.014500 0.012000
1 0.190500 0.665400 0.009000 0.012400
1 0.214250 0.665400 0.008500 0.011600
1 0.236500 0.664600 0.009000 0.014000
1 0.267000 0.654200 0.015000 0.018000
1 0.280750 0.653000 0.013500 0.010800
1 0.304750 0.663400 0.011500 0.012400
1 0.325250 0.658400 0.017500 0.012000
1 0.348000 0.650000 0.016000 0.012800
1 0.368500 0.647200 0.025000 0.018400
1 0.398250 0.653200 0.022500 0.014400
1 0.415250 0.654200 0.011500 0.010800
1 0.443250 0.664800 0.009500 0.012800
1 0.459000 0.656000 0.015000 0.010400
1 0.477500 0.655000 0.008000 0.010800
1 0.490000 0.659400 0.007000 0.014000
1 0.163750 0.703200 0.008500 0.012000
1 0.164000 0.719200 0.006000 0.007200
1 0.176000 0.717600 0.008000 0.013600
1 0.196250 0.717600 0.007500 0.012800
1 0.225500 0.719600 0.021000 0.012000
1 0.249000 0.715800 0.010000 0.013200
1 0.269000 0.716600 0.013000 0.010800
1 0.286250 0.726000 0.010500 0.006400
1 0.306500 0.725400 0.015000 0.004400
1 0.328500 0.709400 0.009000 0.012400
1 0.340500 0.710200 0.007000 0.012400
1 0.354000 0.712800 0.010000 0.011200
1 0.373500 0.717600 0.010000 0.012000
1 0.389750 0.709400 0.017500 0.011600
1 0.406250 0.712400 0.007500 0.012000
1 0.445750 0.716000 0.009500 0.012800
1 0.457500 0.711800 0.015000 0.012400
1 0.474000 0.711800 0.010000 0.011600
1 0.490750 0.708000 0.016500 0.012800
1 0.165500 0.761800 0.010000 0.010800
1 0.165750 0.779600 0.006500 0.006400
1 0.176750 0.778800 0.007500 0.014400
1 0.193500 0.778200 0.009000 0.013200
1 0.215250 0.763600 0.011500 0.012000
1 0.229000 0.763400 0.009000 0.012400
1 0.242000 0.766800 0.008000 0.012800
1 0.260250 0.762600 0.009500 0.013200
1 0.274000 0.770600 0.008000 0.014000
1 0.291250 0.770600 0.012500 0.006000
1 0.325250 0.761400 0.009500 0.012400
1 0.347250 0.759800 0.011500 0.013200
1 0.363000 0.762800 0.009000 0.012800
1 0.382000 0.759000 0.010000 0.014800
1 0.399750 0.765800 0.011500 0.012400
1 0.413000 0.770800 0.009000 0.012800
1 0.427250 0.762200 0.008500 0.013200
1 0.446500 0.761200 0.008000 0.012000
1 0.463750 0.756800 0.009500 0.012800
1 0.478000 0.766400 0.009000 0.013600
1 0.497250 0.767200 0.013500 0.009600
1 0.506500 0.111800 0.015000 0.011600
1 0.527500 0.111400 0.026000 0.011600
1 0.556750 0.118400 0.013500 0.009600
1 0.578750 0.111200 0.008500 0.011200
1 0.598000 0.110200 0.017000 0.011600
1 0.617000 0.114800 0.015000 0.013600
1 0.625500 0.102800 0.010000 0.007200
1 0.636250 0.107600 0.021500 0.016000
1 0.654250 0.105600 0.015500 0.012000
1 0.671500 0.108400 0.010000 0.012000
1 0.692750 0.107600 0.008500 0.012000
1 0.541500 0.169200 0.027000 0.018400
1 0.586750 0.176200 0.019500 0.014800
1 0.609250 0.175400 0.020500 0.014000
1 0.629500 0.174800 0.018000 0.020800
1 0.646000 0.181200 0.014000 0.008800
1 0.666750 0.173600 0.017500 0.012000
1 0.685750 0.168600 0.012500 0.014000
1 0.705250 0.164200 0.022500 0.011600
1 0.516000 0.227200 0.013000 0.010400
1 0.545000 0.228800 0.011000 0.012800
1 0.570250 0.229600 0.016500 0.014400
1 0.594250 0.229400 0.009500 0.014000
1 0.614750 0.228000 0.008500 0.012800
1 0.633750 0.224600 0.028500 0.014000
1 0.660250 0.224200 0.009500 0.013200
1 0.696000 0.218600 0.026000 0.013200
1 0.526000 0.265600 0.020000 0.011200
1 0.545000 0.269600 0.020000 0.012000
1 0.571000 0.271400 0.017000 0.011600
1 0.594250 0.272600 0.009500 0.010000
1 0.627250 0.265600 0.030500 0.013600
1 0.653750 0.277000 0.008500 0.013200
1 0.691750 0.268400 0.027500 0.016000
1 0.711000 0.270600 0.009000 0.014000
1 0.521250 0.320200 0.011500 0.009200
1 0.550000 0.321600 0.009000 0.012000
1 0.573750 0.322800 0.016500 0.012800
1 0.592000 0.321200 0.015000 0.012000
1 0.606250 0.327600 0.010500 0.010400
1 0.618000 0.322400 0.008000 0.017600
1 0.626500 0.327400 0.012000 0.012400
1 0.641750 0.322800 0.020500 0.010400
1 0.671250 0.330800 0.032500 0.017600
1 0.703500 0.331800 0.019000 0.014800
1 0.519000 0.370800 0.009000 0.012000
1 0.540000 0.374600 0.012000 0.012400
1 0.555250 0.370200 0.014500 0.013200
1 0.574000 0.374600 0.017000 0.013200
1 0.589250 0.377400 0.010500 0.010000
1 0.599750 0.374400 0.011500 0.013600
1 0.614500 0.376200 0.012000 0.010000
1 0.630500 0.382200 0.007000 0.014000
1 0.645500 0.381200 0.017000 0.012800
1 0.673000 0.381200 0.010000 0.012800
1 0.701000 0.381400 0.009000 0.014000
1 0.534750 0.427400 0.008500 0.012400
1 0.658000 0.435600 0.013000 0.008800
1 0.669750 0.433400 0.007500 0.014000
1 0.686750 0.436400 0.008500 0.010400
1 0.708000 0.431600 0.018000 0.012000
1 0.521750 0.496400 0.013500 0.005600
1 0.548000 0.490800 0.008000 0.012800
1 0.574250 0.476200 0.016500 0.010000
1 0.593250 0.482400 0.013500 0.014400
1 0.621000 0.477400 0.016000 0.014800
1 0.645000 0.476200 0.019000 0.013200
1 0.661750 0.477000 0.009500 0.015600
1 0.673000 0.476000 0.013000 0.016000
1 0.696750 0.481800 0.029500 0.017200
1 0.717250 0.486600 0.005500 0.014000
1 0.511750 0.554200 0.012500 0.010000
1 0.529000 0.555200 0.018000 0.019200
1 0.552000 0.552200 0.025000 0.022000
1 0.579750 0.558000 0.023500 0.019200
1 0.597500 0.556800 0.015000 0.010400
1 0.614000 0.545200 0.023000 0.012800
1 0.632250 0.545800 0.014500 0.013200
1 0.645000 0.548800 0.008000 0.014400
1 0.661250 0.543000 0.016500 0.013200
1 0.677500 0.536800 0.016000 0.013600
1 0.696500 0.536000 0.024000 0.014400
1 0.522000 0.591800 0.008000 0.011600
1 0.548000 0.591600 0.009000 0.012000
1 0.571750 0.595800 0.010500 0.014800
1 0.594500 0.589600 0.015000 0.012000
1 0.614250 0.593200 0.016500 0.012000
1 0.637000 0.593400 0.022000 0.013200
1 0.659500 0.594600 0.012000 0.010800
1 0.678000 0.599600 0.010000 0.012000
1 0.696750 0.598600 0.016500 0.011600
1 0.663500 0.660200 0.009000 0.014000
1 0.681500 0.652200 0.015000 0.010000
1 0.707250 0.651800 0.008500 0.011600
1 0.514750 0.703200 0.008500 0.014400
1 0.541000 0.702600 0.007000 0.014000
1 0.572250 0.701600 0.010500 0.014400
1 0.602250 0.700800 0.011500 0.014400
1 0.624250 0.701200 0.010500 0.014400
1 0.639250 0.707600 0.006500 0.014400
1 0.668750 0.701600 0.011500 0.019200
1 0.693000 0.702600 0.012000 0.015600
1 0.529250 0.765200 0.019500 0.012800
1 0.554500 0.764200 0.009000 0.014000
1 0.585000 0.765600 0.012000 0.007200
1 0.600000 0.755800 0.007000 0.014000
1 0.616000 0.755400 0.009000 0.011600
1 0.629750 0.762600 0.008500 0.013200
1 0.646750 0.754800 0.008500 0.013600
1 0.663000 0.750400 0.007000 0.016000
1 0.680250 0.753000 0.008500 0.013200
0 0.174250 0.147000 0.031500 0.017200
0 0.199750 0.143200 0.019500 0.019200
0 0.241250 0.143600 0.030500 0.016800
0 0.283250 0.143200 0.051500 0.020000
0 0.350750 0.142000 0.082500 0.018400
0 0.402750 0.141200 0.020500 0.012800
0 0.446000 0.140000 0.065000 0.015200
0 0.526000 0.140800 0.093000 0.016800
0 0.191000 0.201400 0.061000 0.018000
0 0.247500 0.198000 0.043000 0.014400
0 0.294750 0.197000 0.049500 0.014800
0 0.363000 0.193800 0.072000 0.019600
0 0.423250 0.194000 0.025500 0.014400
0 0.459500 0.193400 0.040000 0.023600
0 0.492250 0.192400 0.024500 0.015200
0 0.528500 0.191000 0.045000 0.018800
0 0.206250 0.250200 0.089500 0.018800
0 0.255250 0.247200 0.014500 0.019200
0 0.280250 0.247800 0.042500 0.020400
0 0.335250 0.250000 0.047500 0.013600
0 0.401500 0.245800 0.078000 0.019600
0 0.457750 0.245400 0.026500 0.018000
0 0.505750 0.248600 0.067500 0.016400
0 0.186000 0.306000 0.049000 0.015200
0 0.237250 0.301600 0.054500 0.020000
0 0.274000 0.309000 0.020000 0.028400
0 0.313750 0.300200 0.059500 0.054000
0 0.393250 0.301400 0.067500 0.019600
0 0.442000 0.297800 0.023000 0.016400
0 0.482250 0.298800 0.052500 0.019200
0 0.171500 0.363200 0.023000 0.012800
0 0.219000 0.364000 0.069000 0.019200
0 0.270250 0.361200 0.033500 0.019200
0 0.368750 0.357200 0.089500 0.017600
0 0.428000 0.355200 0.026000 0.017600
0 0.505500 0.355000 0.113000 0.014800
0 0.187000 0.414000 0.052000 0.015200
0 0.219500 0.409200 0.018000 0.019200
0 0.273000 0.407200 0.087000 0.022400
0 0.347500 0.412000 0.039000 0.020000
0 0.437750 0.407800 0.132500 0.020400
0 0.515000 0.406200 0.018000 0.014800
0 0.186500 0.469600 0.051000 0.014400
0 0.266250 0.469000 0.106500 0.018000
0 0.368250 0.465200 0.092500 0.014400
0 0.462000 0.462800 0.037000 0.019200
0 0.518750 0.463200 0.073500 0.021600
0 0.176750 0.527200 0.028500 0.018400
0 0.218250 0.525000 0.052500 0.018800
0 0.279750 0.524800 0.066500 0.016800
0 0.366000 0.522800 0.048000 0.016000
0 0.466500 0.521000 0.022000 0.014000
0 0.498750 0.520400 0.020500 0.013600
0 0.523500 0.518800 0.021000 0.014400
0 0.190250 0.581000 0.055500 0.015600
0 0.243750 0.578400 0.048500 0.017600
0 0.315000 0.578400 0.023000 0.013600
0 0.337750 0.578200 0.011500 0.013200
0 0.401000 0.574600 0.107000 0.017200
0 0.468000 0.575000 0.023000 0.014800
0 0.510750 0.573400 0.062500 0.018000
0 0.553500 0.572800 0.023000 0.012800
0 0.173500 0.634400 0.019000 0.016000
0 0.208750 0.635400 0.043500 0.013200
0 0.236750 0.630000 0.015500 0.020800
0 0.258750 0.627400 0.017500 0.026000
0 0.318750 0.632200 0.101500 0.016400
0 0.446000 0.628200 0.069000 0.017200
0 0.523250 0.629200 0.076500 0.019200
0 0.195500 0.689600 0.066000 0.014400
0 0.252250 0.687400 0.040500 0.016400
0 0.328500 0.685800 0.070000 0.014800
0 0.405750 0.684400 0.031500 0.016000
0 0.463000 0.679400 0.081000 0.020400
0 0.514250 0.675400 0.026500 0.031600
0 0.537250 0.666000 0.010500 0.008800
0 0.539250 0.681600 0.023500 0.015200
0 0.204500 0.743600 0.074000 0.017600
0 0.258750 0.743400 0.034500 0.014800
0 0.297500 0.742600 0.040000 0.014000
0 0.365750 0.740800 0.090500 0.015200
0 0.418000 0.735200 0.016000 0.020000
0 0.465250 0.733000 0.075500 0.022800
0 0.188000 0.802800 0.040000 0.013600
0 0.255000 0.801200 0.091000 0.013600
0 0.307000 0.795200 0.016000 0.020000
0 0.326500 0.798600 0.028000 0.029200
0 0.356750 0.798200 0.031500 0.014000
0 0.405000 0.796200 0.065000 0.015600
0 0.477250 0.793400 0.081500 0.016400
0 0.591750 0.136000 0.033500 0.018400
0 0.628500 0.135800 0.040000 0.018000
0 0.684000 0.139200 0.054000 0.020800
0 0.589750 0.190200 0.077500 0.017200
0 0.644750 0.189600 0.021500 0.014400
0 0.691000 0.188000 0.069000 0.017600
0 0.568250 0.245600 0.059500 0.024000
0 0.619750 0.244600 0.035500 0.015600
0 0.661000 0.243000 0.028000 0.015600
0 0.693750 0.243000 0.021500 0.016400
0 0.605250 0.296400 0.194500 0.015200
0 0.607250 0.354200 0.085500 0.020400
0 0.688750 0.353600 0.072500 0.020800
0 0.573250 0.404600 0.094500 0.016400
0 0.639250 0.404600 0.037500 0.015600
0 0.674500 0.405400 0.033000 0.018000
0 0.706250 0.401400 0.030500 0.018000
0 0.580250 0.461800 0.026500 0.018000
0 0.623250 0.452400 0.057500 0.043200
0 0.677250 0.458600 0.038500 0.014000
0 0.712000 0.457800 0.029000 0.013200
0 0.572500 0.519200 0.077000 0.020000
0 0.655250 0.515600 0.084500 0.017600
0 0.582000 0.573400 0.016000 0.012400
0 0.609750 0.570400 0.021500 0.017600
0 0.639500 0.574600 0.018000 0.019600
0 0.660750 0.572200 0.021500 0.013200
0 0.583500 0.626400 0.044000 0.015200
0 0.656750 0.625800 0.104500 0.020400
0 0.574250 0.679800 0.028500 0.017200
0 0.573000 0.663400 0.010000 0.007600
0 0.604500 0.675600 0.018000 0.018400
0 0.650500 0.669600 0.021000 0.027200
0 0.692750 0.674600 0.064500 0.018000
0 0.549250 0.734400 0.085500 0.016800
0 0.602750 0.733400 0.022500 0.014000
0 0.634250 0.731400 0.039500 0.016400
0 0.683250 0.729200 0.055500 0.017600
0 0.555750 0.791200 0.072500 0.015200
0 0.642750 0.788400 0.094500 0.014400
2 0.437250 0.113600 0.587500 0.039200
2 0.443500 0.170200 0.594000 0.034800
2 0.441750 0.222800 0.587500 0.034400
2 0.445750 0.276400 0.592500 0.036000
2 0.436250 0.333600 0.583500 0.036000
2 0.443250 0.383000 0.607500 0.038800
2 0.442000 0.439600 0.594000 0.044800
2 0.447500 0.494800 0.596000 0.038400
2 0.442000 0.550400 0.591000 0.044800
2 0.451000 0.603800 0.601000 0.040400
2 0.450750 0.659000 0.593500 0.040400
2 0.449000 0.711000 0.590000 0.042800
2 0.452000 0.769400 0.593000 0.042800
0 0.790500 0.485600 0.055000 0.032800