1 0.299672 0.141164 0.009852 0.021244
1 0.316502 0.173722 0.009031 0.014317
1 0.348830 0.161330 0.021141 0.020320
1 0.375103 0.165333 0.010057 0.015394
1 0.410920 0.158405 0.008210 0.013239
1 0.448789 0.166872 0.014984 0.019704
1 0.475985 0.164794 0.009031 0.016472
1 0.516831 0.152325 0.009031 0.016472
1 0.555829 0.152786 0.034483 0.024477
1 0.600985 0.154711 0.018062 0.018781
1 0.642344 0.159714 0.027709 0.028171
1 0.698276 0.156250 0.034483 0.020628
1 0.732245 0.159175 0.012931 0.019397
1 0.796285 0.154403 0.010878 0.018781
1 0.808292 0.136084 0.009031 0.024323
1 0.827073 0.144012 0.024015 0.016164
1 0.243124 0.196352 0.009236 0.018011
1 0.287767 0.219443 0.009442 0.013085
1 0.309216 0.219905 0.009647 0.014932
1 0.360837 0.224369 0.010263 0.016472
1 0.397475 0.229449 0.010468 0.016472
1 0.463157 0.227525 0.014984 0.013855
1 0.509031 0.217980 0.010263 0.012931
1 0.538793 0.212823 0.011905 0.014932
1 0.571736 0.207050 0.010057 0.014163
1 0.593801 0.211207 0.009442 0.014163
1 0.621100 0.218134 0.008621 0.013855
1 0.655275 0.211669 0.010057 0.012007
1 0.243329 0.248461 0.008826 0.019704
1 0.272989 0.282097 0.011084 0.015240
1 0.292693 0.280942 0.008210 0.012931
1 0.322968 0.265086 0.011289 0.013547
1 0.355501 0.276170 0.011494 0.012931
1 0.385571 0.263547 0.012521 0.016010
1 0.407841 0.268396 0.011084 0.014932
1 0.441195 0.267549 0.011700 0.014470
1 0.464286 0.272244 0.010263 0.012777
1 0.484914 0.272014 0.010468 0.013239
1 0.525144 0.273707 0.014984 0.019089
1 0.554290 0.267549 0.009647 0.015702
1 0.582923 0.270782 0.010673 0.013855
1 0.637828 0.276786 0.009647 0.010468
1 0.661125 0.270628 0.009442 0.013547
1 0.246921 0.310653 0.009852 0.018165
1 0.277094 0.333821 0.009852 0.011853
1 0.317529 0.332974 0.008210 0.012315
1 0.353551 0.332820 0.009647 0.010776
1 0.366995 0.333282 0.009442 0.012931
1 0.380542 0.332974 0.009031 0.014163
1 0.394294 0.338285 0.008210 0.015856
1 0.406096 0.345597 0.010468 0.012931
1 0.423030 0.343981 0.009031 0.016780
1 0.495484 0.344135 0.010673 0.011238
1 0.538177 0.339671 0.010673 0.010006
1 0.563937 0.330588 0.010878 0.011853
1 0.581281 0.330896 0.009031 0.011853
1 0.620587 0.330742 0.009647 0.012161
1 0.652812 0.324200 0.012931 0.018781
1 0.248974 0.365917 0.010263 0.019397
1 0.273810 0.377771 0.009442 0.013855
1 0.304392 0.381773 0.009442 0.014778
1 0.337233 0.381696 0.011905 0.016780
1 0.382697 0.384390 0.023604 0.020628
1 0.415640 0.397321 0.009442 0.012931
1 0.450636 0.378156 0.011700 0.016164
1 0.470341 0.390009 0.012931 0.018935
1 0.492406 0.392472 0.009852 0.016164
1 0.519089 0.399015 0.009852 0.010776
1 0.547003 0.387238 0.007800 0.012161
1 0.572865 0.387469 0.009442 0.012623
1 0.592775 0.386084 0.009852 0.012623
1 0.621203 0.389009 0.010878 0.010160
1 0.639778 0.380927 0.009852 0.012469
1 0.665846 0.375308 0.009442 0.011700
1 0.250205 0.440887 0.018883 0.040025
1 0.273912 0.433036 0.009647 0.013547
1 0.311782 0.431958 0.011084 0.013855
1 0.326663 0.431650 0.009236 0.014470
1 0.340722 0.433575 0.009442 0.014624
1 0.355501 0.436038 0.009852 0.014317
1 0.368842 0.444350 0.009031 0.015548
1 0.384031 0.441887 0.008210 0.015548
1 0.450021 0.429418 0.011289 0.017087
1 0.466133 0.431804 0.010673 0.013547
1 0.483990 0.431496 0.009442 0.015394
1 0.520012 0.431958 0.010878 0.013239
1 0.554085 0.427494 0.020320 0.014470
1 0.582204 0.433113 0.021552 0.021398
1 0.623358 0.430034 0.011494 0.012469
1 0.669130 0.431958 0.016831 0.021552
1 0.251950 0.487069 0.010468 0.018781
1 0.270525 0.500000 0.010263 0.014163
1 0.307471 0.491764 0.014778 0.017703
1 0.327997 0.503079 0.009031 0.012623
1 0.371511 0.502925 0.010673 0.012315
1 0.403120 0.503541 0.011905 0.013547
1 0.435242 0.498230 0.013342 0.016472
1 0.472085 0.506542 0.009442 0.010622
1 0.505439 0.498999 0.010878 0.011546
1 0.533867 0.488608 0.009852 0.012931
1 0.578202 0.488839 0.009852 0.011853
1 0.605911 0.491456 0.011084 0.011238
1 0.634852 0.489378 0.010263 0.012931
1 0.675698 0.497229 0.010263 0.011392
1 0.251745 0.543103 0.011700 0.017241
1 0.318760 0.558575 0.010263 0.010622
1 0.331281 0.556034 0.008621 0.012623
1 0.342570 0.546182 0.010673 0.012315
1 0.376437 0.545182 0.010263 0.011546
1 0.428366 0.544643 0.009031 0.013855
1 0.443350 0.544643 0.010673 0.012623
1 0.459360 0.552956 0.008210 0.012315
1 0.474548 0.543873 0.010263 0.012931
1 0.489224 0.538793 0.008415 0.013547
1 0.504926 0.543565 0.009852 0.012315
1 0.445915 0.608297 0.019499 0.041718
1 0.468288 0.598984 0.020320 0.013855
1 0.496819 0.611299 0.013342 0.020320
1 0.523091 0.601447 0.021141 0.019397
1 0.561884 0.594289 0.021962 0.014317
1 0.597085 0.601062 0.016010 0.020166
1 0.630747 0.595289 0.034072 0.020628
1 0.665948 0.596059 0.011700 0.017857
1 0.440579 0.637238 0.011289 0.016780
1 0.459360 0.657482 0.024631 0.019704
1 0.501437 0.668411 0.009852 0.013239
1 0.530686 0.654557 0.013342 0.012623
1 0.558190 0.652709 0.014573 0.020012
1 0.576457 0.645320 0.009236 0.016933
1 0.612069 0.648322 0.008621 0.010006
1 0.666872 0.641318 0.022989 0.020320
1 0.442118 0.693966 0.009031 0.017857
1 0.459462 0.722522 0.020731 0.018011
1 0.491790 0.706820 0.010263 0.016472
1 0.515086 0.710899 0.011289 0.012315
1 0.553161 0.698892 0.020936 0.020628
1 0.587438 0.694735 0.008621 0.014778
1 0.625924 0.694504 0.013342 0.015856
1 0.647270 0.692580 0.011289 0.013855
1 0.685345 0.693581 0.009031 0.014624
1 0.252976 0.772398 0.011700 0.018935
1 0.275862 0.779249 0.016010 0.020320
1 0.305829 0.774323 0.033662 0.021552
1 0.347906 0.779018 0.016420 0.018011
1 0.413690 0.787331 0.013342 0.015856
1 0.446121 0.782405 0.023194 0.021706
1 0.483272 0.777940 0.012110 0.017087
1 0.522167 0.773476 0.012315 0.010314
1 0.555624 0.773399 0.009442 0.012007
1 0.597085 0.786638 0.043514 0.021552
1 0.649015 0.780865 0.011905 0.010006
1 0.667282 0.780865 0.009852 0.010622
1 0.695505 0.775708 0.017036 0.019089
1 0.728243 0.775631 0.038588 0.024784
1 0.785509 0.780711 0.014778 0.017395
1 0.814553 0.768704 0.010878 0.042026
1 0.835283 0.769474 0.013342 0.015856
1 0.861043 0.775862 0.016010 0.020628
1 0.891626 0.766626 0.016831 0.015086
1 0.911946 0.769935 0.007389 0.009698
1 0.696429 0.693658 0.009442 0.013239
1 0.728448 0.692734 0.020936 0.012315
1 0.753284 0.700816 0.011084 0.010314
1 0.806856 0.698430 0.046798 0.020936
1 0.852525 0.695043 0.013342 0.027094
1 0.888034 0.689424 0.027709 0.021090
1 0.912767 0.689116 0.008210 0.011853
1 0.706691 0.655018 0.014778 0.019397
1 0.733888 0.651940 0.011289 0.013855
1 0.789306 0.654403 0.030993 0.019397
1 0.831383 0.659791 0.015805 0.020628
1 0.859401 0.653325 0.035714 0.020012
1 0.890394 0.656019 0.015189 0.017395
1 0.912767 0.659021 0.008210 0.012007
1 0.697763 0.597368 0.012931 0.022937
1 0.735119 0.586669 0.028530 0.024323
1 0.784278 0.586669 0.011084 0.012007
1 0.834154 0.584821 0.010263 0.013855
1 0.864737 0.590286 0.015599 0.017087
1 0.888239 0.585283 0.031404 0.014163
1 0.912562 0.588824 0.006979 0.012315
1 0.708436 0.498845 0.010468 0.018935
1 0.733580 0.501616 0.009852 0.014932
1 0.752668 0.496921 0.009031 0.013239
1 0.778428 0.490610 0.010878 0.012315
1 0.808908 0.494150 0.009031 0.012315
1 0.833949 0.503541 0.008210 0.011084
1 0.859606 0.493996 0.010263 0.010160
1 0.883313 0.497075 0.010468 0.012315
1 0.909278 0.497229 0.008210 0.010776
1 0.728140 0.431496 0.021962 0.021244
1 0.787664 0.429033 0.014573 0.019089
1 0.811987 0.440733 0.009031 0.015086
1 0.838259 0.436499 0.010673 0.017087
1 0.863095 0.444273 0.008621 0.012623
1 0.709257 0.386469 0.010468 0.017703
1 0.732348 0.391549 0.013136 0.017703
1 0.757594 0.393473 0.009442 0.013855
1 0.778530 0.392241 0.008621 0.015702
1 0.858785 0.394012 0.009442 0.012777
1 0.882800 0.389086 0.010263 0.017087
1 0.912562 0.378310 0.008621 0.010622
1 0.913177 0.432805 0.008210 0.009698
1 0.699918 0.323430 0.009442 0.012623
1 0.734503 0.322198 0.011700 0.011392
1 0.782533 0.321813 0.011289 0.016472
1 0.804290 0.317195 0.015805 0.018011
1 0.827894 0.319427 0.013342 0.015394
1 0.850985 0.323122 0.008621 0.014470
1 0.887828 0.312654 0.009236 0.011084
1 0.910920 0.312346 0.008621 0.012315
1 0.688424 0.274861 0.016831 0.015548
1 0.720546 0.282328 0.011289 0.013547
1 0.748666 0.275862 0.012521 0.018781
1 0.772578 0.275939 0.009442 0.011238
1 0.791154 0.275862 0.010468 0.012315
1 0.866071 0.280018 0.010468 0.011700
1 0.882594 0.273399 0.007389 0.011392
1 0.916051 0.265471 0.010263 0.016780
1 0.682163 0.216210 0.008415 0.011238
1 0.737274 0.219289 0.014778 0.018011
1 0.781199 0.210129 0.011084 0.013855
1 0.822865 0.216518 0.009852 0.017703
1 0.874589 0.224138 0.007800 0.012315
1 0.910612 0.227679 0.010057 0.012315
0 0.565681 0.104064 0.635878 0.034175
0 0.291975 0.126616 0.087644 0.013085
0 0.348727 0.187192 0.082923 0.020320
0 0.471264 0.182112 0.158046 0.015702
0 0.613403 0.180958 0.054392 0.016472
0 0.707410 0.183113 0.071223 0.024477
0 0.757492 0.181573 0.029762 0.017703
0 0.777196 0.176185 0.038383 0.029095
0 0.826457 0.180034 0.060961 0.019243
0 0.873050 0.147783 0.041667 0.033867
0 0.265189 0.221752 0.030788 0.048183
0 0.305213 0.240225 0.028736 0.020474
0 0.350472 0.235222 0.052750 0.020320
0 0.402607 0.239840 0.042077 0.021244
0 0.449815 0.235607 0.052340 0.020474
0 0.555624 0.234606 0.139984 0.021552
0 0.668206 0.236530 0.075739 0.016164
0 0.732553 0.236530 0.048851 0.016164
0 0.780788 0.234067 0.039409 0.016472
0 0.845443 0.232913 0.082512 0.020320
0 0.273810 0.298722 0.045567 0.023553
0 0.318452 0.293334 0.032225 0.021090
0 0.375411 0.296798 0.077586 0.025862
0 0.459770 0.295105 0.089080 0.015394
0 0.561063 0.292411 0.110222 0.017703
0 0.665846 0.291795 0.090312 0.018011
0 0.757389 0.292565 0.092775 0.023553
0 0.817939 0.290025 0.026273 0.021552
0 0.859195 0.286176 0.053366 0.026170
0 0.273296 0.354064 0.036330 0.015086
0 0.317118 0.350216 0.041051 0.021244
0 0.383621 0.352140 0.090722 0.017395
0 0.437911 0.351755 0.015805 0.015086
0 0.464286 0.335206 0.049261 0.064193
0 0.541769 0.349831 0.098317 0.021090
0 0.635673 0.351601 0.084154 0.023091
0 0.722291 0.347906 0.080049 0.016626
0 0.830255 0.348291 0.121511 0.025092
0 0.342262 0.409329 0.179598 0.021552
0 0.482759 0.409483 0.088259 0.023399
0 0.542077 0.407174 0.024220 0.018165
0 0.624384 0.407020 0.136289 0.023091
0 0.743329 0.405634 0.095443 0.022783
0 0.802340 0.403710 0.024631 0.021090
0 0.851806 0.400015 0.077586 0.023861
0 0.271039 0.462131 0.033867 0.023399
0 0.338773 0.461746 0.101601 0.016472
0 0.400246 0.460822 0.018473 0.017703
0 0.440168 0.441964 0.042077 0.047722
0 0.479680 0.462515 0.030788 0.023553
0 0.546695 0.459052 0.091749 0.017241
0 0.623050 0.458821 0.026067 0.019243
0 0.700739 0.457666 0.123974 0.026170
0 0.823584 0.457127 0.106117 0.025708
0 0.294643 0.519627 0.079023 0.023861
0 0.393576 0.519474 0.104475 0.020474
0 0.500513 0.517318 0.099959 0.019243
0 0.601806 0.516395 0.092365 0.022629
0 0.672824 0.515856 0.039409 0.015394
0 0.743329 0.517703 0.094212 0.024631
0 0.848933 0.516626 0.102627 0.026170
0 0.271757 0.576201 0.026273 0.016933
0 0.316195 0.572121 0.052340 0.024169
0 0.380234 0.575739 0.062603 0.018473
0 0.461823 0.572891 0.096470 0.015856
0 0.707204 0.548260 0.379105 0.048799
0 0.493329 0.627309 0.093801 0.018473
0 0.579023 0.621921 0.066092 0.016933
0 0.663075 0.621613 0.026067 0.015394
0 0.715312 0.619458 0.070197 0.019704
0 0.788485 0.620382 0.046182 0.020012
0 0.841851 0.620074 0.054392 0.018473
0 0.450944 0.681958 0.024631 0.020012
0 0.499487 0.680650 0.030172 0.016472
0 0.542590 0.679495 0.048645 0.015702
0 0.615661 0.677340 0.056445 0.018473
0 0.663793 0.677956 0.026683 0.018165
0 0.723625 0.676031 0.081486 0.018011
0 0.782533 0.675416 0.024015 0.019243
0 0.825123 0.677109 0.028325 0.021090
0 0.885468 0.673337 0.032841 0.017241
0 0.456897 0.738531 0.026273 0.014624
0 0.500513 0.736761 0.060961 0.027401
0 0.566708 0.735760 0.061987 0.017703
0 0.636186 0.733836 0.060550 0.023091
0 0.686884 0.733913 0.027709 0.014624
0 0.737172 0.733913 0.066708 0.023861
0 0.793309 0.733451 0.042693 0.016164
0 0.858477 0.731758 0.036330 0.017395
0 0.271552 0.803341 0.020115 0.014932
0 0.342057 0.802802 0.054392 0.018473
0 0.384031 0.806573 0.038998 0.042334
0 0.424364 0.803879 0.039614 0.018473
0 0.526375 0.799877 0.110222 0.017241
0 0.665640 0.794258 0.069787 0.022321
0 0.786638 0.796259 0.050287 0.016164
0 0.844828 0.797414 0.053777 0.020012
0 0.888136 0.792180 0.028736 0.019704
0 0.267755 0.162716 0.062603 0.069273
0 0.295567 0.071736 0.105090 0.029557
0 0.218391 0.078125 0.061576 0.100831
0 0.189963 0.169027 0.093801 0.080357
0 0.224856 0.248153 0.030172 0.076970
0 0.224856 0.318889 0.030172 0.090671
0 0.200226 0.342365 0.019089 0.009236
0 0.227935 0.429649 0.025246 0.129926
0 0.167180 0.495998 0.103654 0.008929
0 0.231014 0.534252 0.029351 0.082974
0 0.195608 0.584821 0.039409 0.012623
0 0.309729 0.668488 0.252463 0.192272
0 0.453920 0.753695 0.037972 0.018165
0 0.217980 0.826047 0.059524 0.125000
0 0.253079 0.815040 0.010673 0.031558
0 0.219212 0.910252 0.063218 0.046490