1 0.155296 0.115262 0.027317 0.034432
1 0.184957 0.119833 0.028707 0.034273
1 0.223467 0.130285 0.023106 0.017744
1 0.271779 0.129920 0.023806 0.018960
1 0.311338 0.125910 0.009102 0.045455
1 0.334969 0.100265 0.021355 0.032086
1 0.365952 0.099779 0.025906 0.031113
1 0.392383 0.109016 0.017854 0.033058
1 0.415314 0.110839 0.025206 0.016286
1 0.447697 0.100995 0.036759 0.034516
1 0.473603 0.111690 0.018555 0.034030
1 0.488482 0.117402 0.006302 0.053719
1 0.628166 0.096376 0.023806 0.022363
1 0.621514 0.139035 0.018905 0.023578
1 0.648121 0.110596 0.040610 0.039621
1 0.688205 0.106342 0.026256 0.033544
1 0.724964 0.108287 0.021355 0.030627
1 0.758923 0.112905 0.042360 0.021877
1 0.155200 0.209283 0.023806 0.015314
1 0.146973 0.254616 0.033258 0.028196
1 0.174805 0.217791 0.059515 0.031356
1 0.246748 0.243313 0.028357 0.028926
1 0.276330 0.238695 0.009802 0.061983
1 0.316590 0.226177 0.021705 0.032086
1 0.370328 0.218520 0.023456 0.032329
1 0.430717 0.236386 0.029407 0.034516
1 0.482005 0.236143 0.032558 0.015070
1 0.542045 0.235778 0.064416 0.031842
1 0.592982 0.247324 0.021355 0.017015
1 0.612062 0.252186 0.006302 0.035002
1 0.646545 0.256926 0.043061 0.035246
1 0.700108 0.245866 0.018555 0.031113
1 0.755422 0.236264 0.036059 0.013855
1 0.157826 0.324986 0.027657 0.019689
1 0.153450 0.362419 0.020305 0.020175
1 0.180932 0.356099 0.031158 0.028926
1 0.227493 0.367645 0.036759 0.031599
1 0.278780 0.355856 0.020305 0.031356
1 0.345997 0.356464 0.041310 0.029169
1 0.405511 0.368374 0.027307 0.013126
1 0.453823 0.368131 0.026606 0.013612
1 0.469402 0.344796 0.008052 0.047156
1 0.482880 0.329118 0.019605 0.030384
1 0.504410 0.330455 0.016454 0.032086
1 0.527866 0.329604 0.019955 0.029412
1 0.546771 0.338476 0.023456 0.014098
1 0.568126 0.329361 0.019955 0.031356
1 0.591232 0.339813 0.029057 0.026495
1 0.606285 0.336653 0.005951 0.037190
1 0.739843 0.360231 0.016804 0.034273
1 0.765749 0.372871 0.037809 0.018717
1 0.155200 0.458919 0.023106 0.028439
1 0.178131 0.473382 0.031858 0.016529
1 0.241321 0.472531 0.040610 0.029412
1 0.303286 0.484198 0.028707 0.014341
1 0.355624 0.480795 0.019955 0.030870
1 0.407787 0.470100 0.020655 0.032815
1 0.451197 0.453936 0.022055 0.031113
1 0.522440 0.462079 0.023806 0.015314
1 0.583705 0.462079 0.032908 0.015314
1 0.606635 0.467548 0.008052 0.047156
1 0.631141 0.442390 0.023456 0.027953
1 0.668426 0.443970 0.025906 0.013612
1 0.691181 0.443727 0.018204 0.034030
1 0.716212 0.431208 0.017854 0.029412
1 0.732141 0.451262 0.020305 0.028683
1 0.745969 0.472774 0.020655 0.033787
1 0.155375 0.571218 0.024156 0.029412
1 0.174280 0.595161 0.019255 0.029655
1 0.229068 0.578753 0.044811 0.037676
1 0.280531 0.586532 0.039910 0.033301
1 0.322191 0.592730 0.037109 0.028196
1 0.368577 0.585681 0.026256 0.017501
1 0.411813 0.574014 0.038509 0.028196
1 0.458024 0.591879 0.040610 0.024550
1 0.483405 0.574378 0.010853 0.060525
1 0.518764 0.572798 0.022055 0.032086
1 0.570927 0.555905 0.035359 0.032815
1 0.633942 0.553839 0.019255 0.030627
1 0.663524 0.553839 0.017504 0.031599
1 0.692231 0.552866 0.031508 0.028196
1 0.710611 0.555783 0.008052 0.036947
1 0.724964 0.554446 0.017854 0.008994
1 0.163077 0.692025 0.022756 0.028926
1 0.191434 0.686921 0.032558 0.028439
1 0.230994 0.679264 0.040260 0.033058
1 0.259351 0.654714 0.012253 0.020904
1 0.286482 0.664558 0.055314 0.025036
1 0.315714 0.684855 0.010152 0.046670
1 0.343196 0.693727 0.023106 0.029898
1 0.385031 0.687042 0.020655 0.031113
1 0.446996 0.677441 0.020655 0.032815
1 0.505811 0.685219 0.025556 0.031842
1 0.591582 0.683275 0.034658 0.016286
1 0.659148 0.681573 0.022756 0.033301
1 0.706235 0.700168 0.032208 0.015070
1 0.724964 0.692997 0.009452 0.047885
1 0.759448 0.672215 0.049012 0.024793
1 0.154325 0.789497 0.018555 0.025036
1 0.169554 0.799463 0.028707 0.020661
1 0.213314 0.789619 0.016804 0.024793
1 0.240971 0.788403 0.017504 0.022849
1 0.278080 0.779045 0.032908 0.031842
1 0.307137 0.783420 0.013303 0.025523
1 0.321141 0.788160 0.007702 0.038892
1 0.340395 0.781597 0.016104 0.024307
1 0.384681 0.782813 0.022756 0.012640
1 0.418289 0.782934 0.017854 0.026009
1 0.439645 0.771875 0.014354 0.024307
1 0.465901 0.781476 0.017154 0.023578
1 0.503710 0.787674 0.015754 0.023335
1 0.537669 0.780261 0.014354 0.024064
1 0.566376 0.779774 0.016454 0.025036
1 0.577753 0.779653 0.006302 0.028196
1 0.595958 0.783056 0.031508 0.033544
1 0.627466 0.788403 0.022405 0.014584
1 0.652847 0.785000 0.017854 0.025766
1 0.690481 0.792414 0.023106 0.012397
1 0.721113 0.792171 0.025556 0.012397
1 0.758397 0.793022 0.042710 0.017987
0 0.235720 0.177319 0.184145 0.040350
0 0.406211 0.176104 0.156138 0.035975
0 0.498459 0.176712 0.031158 0.031842
0 0.576703 0.133202 0.159639 0.168935
0 0.688205 0.178899 0.127781 0.030870
0 0.181457 0.290834 0.065116 0.033058
0 0.251999 0.294237 0.069667 0.029655
0 0.320266 0.291928 0.052163 0.030870
0 0.403586 0.292414 0.110977 0.036704
0 0.487256 0.291077 0.046561 0.036461
0 0.561474 0.289011 0.094173 0.038649
0 0.678403 0.294359 0.124981 0.034273
0 0.227493 0.401432 0.163490 0.038405
0 0.394834 0.403863 0.165590 0.038405
0 0.550622 0.401311 0.145986 0.034759
0 0.667375 0.371048 0.116228 0.129315
0 0.735642 0.406537 0.032208 0.025766
0 0.181632 0.518471 0.068267 0.031842
0 0.247623 0.521145 0.058814 0.031356
0 0.333394 0.523333 0.109927 0.033301
0 0.508787 0.515433 0.234557 0.036947
0 0.697483 0.514096 0.140034 0.033301
0 0.174280 0.631622 0.043761 0.040350
0 0.262326 0.630649 0.121130 0.029655
0 0.404811 0.631622 0.148436 0.027710
0 0.552022 0.626031 0.135483 0.035489
0 0.671926 0.623114 0.102225 0.032572
0 0.738268 0.545453 0.044461 0.026495
0 0.742118 0.571218 0.044461 0.025523
0 0.746144 0.595769 0.042710 0.019203
0 0.746320 0.619468 0.047962 0.028196
0 0.120367 0.730552 0.076669 0.272241
0 0.228018 0.750727 0.152637 0.035002
0 0.353874 0.749269 0.093473 0.027224
0 0.483230 0.750849 0.151937 0.038162
0 0.653022 0.743678 0.179944 0.035002
0 0.190559 0.818180 0.074918 0.026009
0 0.274929 0.817086 0.087521 0.025280
0 0.360875 0.820975 0.076669 0.024793
0 0.439295 0.818301 0.074568 0.027224
0 0.529967 0.817451 0.102575 0.030384
0 0.597533 0.816357 0.026957 0.020418
0 0.680328 0.817815 0.129532 0.028683
2 0.448747 0.122628 0.598996 0.070491
2 0.454348 0.237966 0.599696 0.062956
2 0.452423 0.350752 0.605648 0.061011
2 0.450497 0.464388 0.611599 0.064171
2 0.434218 0.576323 0.580442 0.064414
2 0.447697 0.693970 0.589194 0.072193
2 0.442970 0.788282 0.592345 0.038162