1 0.179250 0.122166 0.022455 0.036105
1 0.205841 0.126405 0.018909 0.034737
1 0.235189 0.142406 0.029546 0.013676
1 0.271629 0.143227 0.017333 0.035558
1 0.299205 0.125585 0.018909 0.036926
1 0.338402 0.123533 0.022455 0.016958
1 0.357705 0.126542 0.017727 0.037746
1 0.418372 0.116285 0.022455 0.034190
1 0.470373 0.125858 0.035061 0.033096
1 0.520994 0.133380 0.026788 0.015864
1 0.559010 0.133790 0.027970 0.017232
1 0.610025 0.104660 0.023637 0.036105
1 0.640556 0.105071 0.023243 0.031455
1 0.664980 0.106028 0.019303 0.034464
1 0.682707 0.115054 0.020091 0.035558
1 0.696495 0.116969 0.020879 0.016411
1 0.716586 0.105618 0.028758 0.032002
1 0.739041 0.116559 0.019303 0.031455
1 0.180038 0.210240 0.022455 0.019694
1 0.186341 0.245114 0.041364 0.032549
1 0.241295 0.222412 0.048061 0.048414
1 0.285417 0.234857 0.025212 0.033917
1 0.321857 0.237045 0.030334 0.017505
1 0.369721 0.235404 0.029152 0.035558
1 0.413251 0.237319 0.027970 0.018053
1 0.452335 0.256549 0.027804 0.037838
1 0.434726 0.235443 0.013346 0.065122
1 0.505719 0.239818 0.044857 0.039897
1 0.557064 0.237631 0.026692 0.033977
1 0.600994 0.238789 0.027804 0.016216
1 0.629169 0.239175 0.024097 0.016988
1 0.643257 0.242650 0.007044 0.046075
1 0.675324 0.217296 0.028175 0.035006
1 0.736678 0.219098 0.027804 0.036551
1 0.775789 0.204426 0.038555 0.016988
1 0.179670 0.325275 0.023726 0.019305
1 0.174665 0.368647 0.030028 0.023681
1 0.206918 0.330423 0.025580 0.031660
1 0.247327 0.333898 0.035960 0.031918
1 0.288477 0.352174 0.036701 0.032947
1 0.352982 0.352174 0.029287 0.037066
1 0.415263 0.332997 0.027804 0.034234
1 0.481808 0.332997 0.028175 0.033719
1 0.535562 0.334928 0.023726 0.037066
1 0.594136 0.334156 0.025950 0.032947
1 0.639364 0.336215 0.033365 0.015959
1 0.670319 0.334027 0.021873 0.034749
1 0.700348 0.323087 0.024097 0.032947
1 0.734083 0.323345 0.020390 0.033977
1 0.769117 0.320385 0.045228 0.020335
1 0.179114 0.442006 0.021131 0.022136
1 0.175592 0.486408 0.023726 0.022909
1 0.201542 0.447283 0.017795 0.036293
1 0.258819 0.449214 0.021873 0.033977
1 0.309237 0.459124 0.026321 0.031660
1 0.341860 0.459638 0.027804 0.016216
1 0.362065 0.466073 0.008897 0.053797
1 0.383752 0.468905 0.023355 0.034749
1 0.457896 0.453975 0.070808 0.042986
1 0.492744 0.457064 0.008527 0.049678
1 0.515729 0.490012 0.026321 0.016216
1 0.575044 0.489754 0.019648 0.035264
1 0.615638 0.477528 0.025209 0.033462
1 0.656603 0.467103 0.024097 0.033205
1 0.711469 0.469806 0.030770 0.015444
1 0.760590 0.473409 0.052642 0.022651
1 0.183933 0.551015 0.026321 0.019305
1 0.177631 0.592457 0.022614 0.018790
1 0.207659 0.595288 0.023355 0.031145
1 0.260672 0.595546 0.037443 0.030116
1 0.304047 0.608544 0.024097 0.014929
1 0.326290 0.593358 0.010009 0.039125
1 0.354280 0.590012 0.020760 0.035521
1 0.410073 0.569291 0.045599 0.036293
1 0.461974 0.561311 0.050789 0.038353
1 0.546128 0.573667 0.026321 0.039382
1 0.605443 0.581775 0.024097 0.035006
1 0.662534 0.582676 0.026321 0.014157
1 0.715177 0.583705 0.028546 0.016731
1 0.734269 0.587695 0.011122 0.049936
1 0.178743 0.659124 0.024097 0.019305
1 0.174294 0.699664 0.024097 0.022136
1 0.203952 0.667360 0.018907 0.033205
1 0.224342 0.668133 0.017424 0.033205
1 0.241951 0.668004 0.019277 0.018018
1 0.261785 0.665945 0.015200 0.032947
1 0.280877 0.684349 0.017053 0.034234
1 0.303120 0.695803 0.017053 0.032432
1 0.314056 0.686279 0.010751 0.055598
1 0.509982 0.665044 0.024468 0.019305
1 0.509056 0.703782 0.022614 0.024710
1 0.527036 0.677270 0.037072 0.045302
1 0.569298 0.690655 0.020760 0.032947
1 0.627501 0.692843 0.040038 0.038353
1 0.671432 0.712019 0.021131 0.037066
1 0.721850 0.691427 0.036701 0.035006
1 0.762258 0.687438 0.038926 0.017761
0 0.274945 0.180616 0.206862 0.033205
0 0.439545 0.179973 0.111216 0.038610
0 0.541864 0.175726 0.077851 0.033719
0 0.655861 0.173538 0.148659 0.035006
0 0.743722 0.170964 0.027063 0.032947
0 0.191348 0.291427 0.047823 0.046847
0 0.255297 0.291813 0.077851 0.032690
0 0.322954 0.289625 0.053755 0.034492
0 0.388386 0.292714 0.060057 0.028314
0 0.476618 0.296961 0.107509 0.037323
0 0.580605 0.296575 0.098241 0.036036
0 0.672173 0.297090 0.067842 0.030373
0 0.729449 0.291041 0.040038 0.030631
0 0.128140 0.381646 0.082300 0.255598
0 0.246770 0.403654 0.149030 0.037066
0 0.389683 0.408158 0.118260 0.027027
0 0.510353 0.403396 0.111958 0.033977
0 0.588390 0.404941 0.035960 0.029858
0 0.686260 0.404812 0.152366 0.039897
0 0.198762 0.522315 0.047082 0.025740
0 0.292740 0.524632 0.131977 0.035006
0 0.411556 0.525404 0.098241 0.036036
0 0.514802 0.523087 0.042262 0.024710
0 0.647520 0.519999 0.217984 0.032432
0 0.203767 0.625533 0.061540 0.035006
0 0.283843 0.628622 0.083042 0.033977
0 0.351685 0.630423 0.040779 0.029344
0 0.424531 0.633512 0.090085 0.038610
0 0.576342 0.633126 0.110475 0.039382
0 0.692563 0.635957 0.112329 0.038867
0 0.255668 0.737888 0.158669 0.034234
0 0.345568 0.662985 0.048564 0.027027
0 0.346680 0.693358 0.049306 0.027027
0 0.350202 0.720127 0.049677 0.023423
0 0.354650 0.743679 0.045228 0.025225
0 0.423790 0.717811 0.191663 0.116602
0 0.546684 0.741620 0.100836 0.029858
0 0.626760 0.743679 0.037814 0.028829
0 0.707948 0.745739 0.112699 0.032947
2 0.454374 0.124246 0.564238 0.059459
2 0.458823 0.238660 0.580549 0.065380
2 0.459008 0.351401 0.575730 0.063320
2 0.457525 0.470449 0.573506 0.069241
2 0.458638 0.582290 0.589076 0.065380
2 0.456043 0.688725 0.584627 0.068211